"","X1","X2","X3","X4","X5","X6","X7","X8","X9","X10","X11","X12","X13","X14","X15","X16","X17","X18","X19","X20","X1.1","X2.1","X3.1","X4.1","X5.1","X6.1","X7.1","X8.1","X9.1","X10.1","X11.1","X12.1","X13.1","X14.1","X15.1","X16.1","X17.1","X18.1","X19.1","X20.1","X1.2","X2.2","X3.2","X4.2","X5.2","X6.2","X7.2","X8.2","X9.2","X10.2","X11.2","X12.2","X13.2","X14.2","X15.2","X16.2","X17.2","X18.2","X19.2","X20.2","X1.3","X2.3","X3.3","X4.3","X5.3","X6.3","X7.3","X8.3","X9.3","X10.3","X11.3","X12.3","X13.3","X14.3","X15.3","X16.3","X17.3","X18.3","X19.3","X20.3","X1.4","X2.4","X3.4","X4.4","X5.4","X6.4","X7.4","X8.4","X9.4","X10.4","X11.4","X12.4","X13.4","X14.4","X15.4","X16.4","X17.4","X18.4","X19.4","X20.4","X1.5","X2.5","X3.5","X4.5","X5.5","X6.5","X7.5","X8.5","X9.5","X10.5","X11.5","X12.5","X13.5","X14.5","X15.5","X16.5","X17.5","X18.5","X19.5","X20.5","X1.6","X2.6","X3.6","X4.6","X5.6","X6.6","X7.6","X8.6","X9.6","X10.6","X11.6","X12.6","X13.6","X14.6","X15.6","X16.6","X17.6","X18.6","X19.6","X20.6","X1.7","X2.7","X3.7","X4.7","X5.7","X6.7","X7.7","X8.7","X9.7","X10.7","X11.7","X12.7","X13.7","X14.7","X15.7","X16.7","X17.7","X18.7","X19.7","X20.7","X1.8","X2.8","X3.8","X4.8","X5.8","X6.8","X7.8","X8.8","X9.8","X10.8","X11.8","X12.8","X13.8","X14.8","X15.8","X16.8","X17.8","X18.8","X19.8","X20.8","X1.9","X2.9","X3.9","X4.9","X5.9","X6.9","X7.9","X8.9","X9.9","X10.9","X11.9","X12.9","X13.9","X14.9","X15.9","X16.9","X17.9","X18.9","X19.9","X20.9","X1.10","X2.10","X3.10","X4.10","X5.10","X6.10","X7.10","X8.10","X9.10","X10.10","X11.10","X12.10","X13.10","X14.10","X15.10","X16.10","X17.10","X18.10","X19.10","X20.10","X1.11","X2.11","X3.11","X4.11","X5.11","X6.11","X7.11","X8.11","X9.11","X10.11","X11.11","X12.11","X13.11","X14.11","X15.11","X16.11","X17.11","X18.11","X19.11","X20.11","X1.12","X2.12","X3.12","X4.12","X5.12","X6.12","X7.12","X8.12","X9.12","X10.12","X11.12","X12.12","X13.12","X14.12","X15.12","X16.12","X17.12","X18.12","X19.12","X20.12","X1.13","X2.13","X3.13","X4.13","X5.13","X6.13","X7.13","X8.13","X9.13","X10.13","X11.13","X12.13","X13.13","X14.13","X15.13","X16.13","X17.13","X18.13","X19.13","X20.13","X1.14","X2.14","X3.14","X4.14","X5.14","X6.14","X7.14","X8.14","X9.14","X10.14","X11.14","X12.14","X13.14","X14.14","X15.14","X16.14","X17.14","X18.14","X19.14","X20.14","X1.15","X2.15","X3.15","X4.15","X5.15","X6.15","X7.15","X8.15","X9.15","X10.15","X11.15","X12.15","X13.15","X14.15","X15.15","X16.15","X17.15","X18.15","X19.15","X20.15","X1.16","X2.16","X3.16","X4.16","X5.16","X6.16","X7.16","X8.16","X9.16","X10.16","X11.16","X12.16","X13.16","X14.16","X15.16","X16.16","X17.16","X18.16","X19.16","X20.16","X1.17","X2.17","X3.17","X4.17","X5.17","X6.17","X7.17","X8.17","X9.17","X10.17","X11.17","X12.17","X13.17","X14.17","X15.17","X16.17","X17.17","X18.17","X19.17","X20.17","X1.18","X2.18","X3.18","X4.18","X5.18","X6.18","X7.18","X8.18","X9.18","X10.18","X11.18","X12.18","X13.18","X14.18","X15.18","X16.18","X17.18","X18.18","X19.18","X20.18","X1.19","X2.19","X3.19","X4.19","X5.19","X6.19","X7.19","X8.19","X9.19","X10.19","X11.19","X12.19","X13.19","X14.19","X15.19","X16.19","X17.19","X18.19","X19.19","X20.19","X1.20","X2.20","X3.20","X4.20","X5.20","X6.20","X7.20","X8.20","X9.20","X10.20","X11.20","X12.20","X13.20","X14.20","X15.20","X16.20","X17.20","X18.20","X19.20","X20.20","X1.21","X2.21","X3.21","X4.21","X5.21","X6.21","X7.21","X8.21","X9.21","X10.21","X11.21","X12.21","X13.21","X14.21","X15.21","X16.21","X17.21","X18.21","X19.21","X20.21","X1.22","X2.22","X3.22","X4.22","X5.22","X6.22","X7.22","X8.22","X9.22","X10.22","X11.22","X12.22","X13.22","X14.22","X15.22","X16.22","X17.22","X18.22","X19.22","X20.22","X1.23","X2.23","X3.23","X4.23","X5.23","X6.23","X7.23","X8.23","X9.23","X10.23","X11.23","X12.23","X13.23","X14.23","X15.23","X16.23","X17.23","X18.23","X19.23","X20.23","X1.24","X2.24","X3.24","X4.24","X5.24","X6.24","X7.24","X8.24","X9.24","X10.24","X11.24","X12.24","X13.24","X14.24","X15.24","X16.24","X17.24","X18.24","X19.24","X20.24","X1.25","X2.25","X3.25","X4.25","X5.25","X6.25","X7.25","X8.25","X9.25","X10.25","X11.25","X12.25","X13.25","X14.25","X15.25","X16.25","X17.25","X18.25","X19.25","X20.25","X1.26","X2.26","X3.26","X4.26","X5.26","X6.26","X7.26","X8.26","X9.26","X10.26","X11.26","X12.26","X13.26","X14.26","X15.26","X16.26","X17.26","X18.26","X19.26","X20.26","X1.27","X2.27","X3.27","X4.27","X5.27","X6.27","X7.27","X8.27","X9.27","X10.27","X11.27","X12.27","X13.27","X14.27","X15.27","X16.27","X17.27","X18.27","X19.27","X20.27","X1.28","X2.28","X3.28","X4.28","X5.28","X6.28","X7.28","X8.28","X9.28","X10.28","X11.28","X12.28","X13.28","X14.28","X15.28","X16.28","X17.28","X18.28","X19.28","X20.28","X1.29","X2.29","X3.29","X4.29","X5.29","X6.29","X7.29","X8.29","X9.29","X10.29","X11.29","X12.29","X13.29","X14.29","X15.29","X16.29","X17.29","X18.29","X19.29","X20.29","X1.30","X2.30","X3.30","X4.30","X5.30","X6.30","X7.30","X8.30","X9.30","X10.30","X11.30","X12.30","X13.30","X14.30","X15.30","X16.30","X17.30","X18.30","X19.30","X20.30","X1.31","X2.31","X3.31","X4.31","X5.31","X6.31","X7.31","X8.31","X9.31","X10.31","X11.31","X12.31","X13.31","X14.31","X15.31","X16.31","X17.31","X18.31","X19.31","X20.31","X1.32","X2.32","X3.32","X4.32","X5.32","X6.32","X7.32","X8.32","X9.32","X10.32","X11.32","X12.32","X13.32","X14.32","X15.32","X16.32","X17.32","X18.32","X19.32","X20.32","X1.33","X2.33","X3.33","X4.33","X5.33","X6.33","X7.33","X8.33","X9.33","X10.33","X11.33","X12.33","X13.33","X14.33","X15.33","X16.33","X17.33","X18.33","X19.33","X20.33","X1.34","X2.34","X3.34","X4.34","X5.34","X6.34","X7.34","X8.34","X9.34","X10.34","X11.34","X12.34","X13.34","X14.34","X15.34","X16.34","X17.34","X18.34","X19.34","X20.34","X1.35","X2.35","X3.35","X4.35","X5.35","X6.35","X7.35","X8.35","X9.35","X10.35","X11.35","X12.35","X13.35","X14.35","X15.35","X16.35","X17.35","X18.35","X19.35","X20.35","X1.36","X2.36","X3.36","X4.36","X5.36","X6.36","X7.36","X8.36","X9.36","X10.36","X11.36","X12.36","X13.36","X14.36","X15.36","X16.36","X17.36","X18.36","X19.36","X20.36","X1.37","X2.37","X3.37","X4.37","X5.37","X6.37","X7.37","X8.37","X9.37","X10.37","X11.37","X12.37","X13.37","X14.37","X15.37","X16.37","X17.37","X18.37","X19.37","X20.37","X1.38","X2.38","X3.38","X4.38","X5.38","X6.38","X7.38","X8.38","X9.38","X10.38","X11.38","X12.38","X13.38","X14.38","X15.38","X16.38","X17.38","X18.38","X19.38","X20.38","X1.39","X2.39","X3.39","X4.39","X5.39","X6.39","X7.39","X8.39","X9.39","X10.39","X11.39","X12.39","X13.39","X14.39","X15.39","X16.39","X17.39","X18.39","X19.39","X20.39","X1.40","X2.40","X3.40","X4.40","X5.40","X6.40","X7.40","X8.40","X9.40","X10.40","X11.40","X12.40","X13.40","X14.40","X15.40","X16.40","X17.40","X18.40","X19.40","X20.40","X1.41","X2.41","X3.41","X4.41","X5.41","X6.41","X7.41","X8.41","X9.41","X10.41","X11.41","X12.41","X13.41","X14.41","X15.41","X16.41","X17.41","X18.41","X19.41","X20.41","X1.42","X2.42","X3.42","X4.42","X5.42","X6.42","X7.42","X8.42","X9.42","X10.42","X11.42","X12.42","X13.42","X14.42","X15.42","X16.42","X17.42","X18.42","X19.42","X20.42","X1.43","X2.43","X3.43","X4.43","X5.43","X6.43","X7.43","X8.43","X9.43","X10.43","X11.43","X12.43","X13.43","X14.43","X15.43","X16.43","X17.43","X18.43","X19.43","X20.43","X1.44","X2.44","X3.44","X4.44","X5.44","X6.44","X7.44","X8.44","X9.44","X10.44","X11.44","X12.44","X13.44","X14.44","X15.44","X16.44","X17.44","X18.44","X19.44","X20.44","X1.45","X2.45","X3.45","X4.45","X5.45","X6.45","X7.45","X8.45","X9.45","X10.45","X11.45","X12.45","X13.45","X14.45","X15.45","X16.45","X17.45","X18.45","X19.45","X20.45","X1.46","X2.46","X3.46","X4.46","X5.46","X6.46","X7.46","X8.46","X9.46","X10.46","X11.46","X12.46","X13.46","X14.46","X15.46","X16.46","X17.46","X18.46","X19.46","X20.46","X1.47","X2.47","X3.47","X4.47","X5.47","X6.47","X7.47","X8.47","X9.47","X10.47","X11.47","X12.47","X13.47","X14.47","X15.47","X16.47","X17.47","X18.47","X19.47","X20.47","X1.48","X2.48","X3.48","X4.48","X5.48","X6.48","X7.48","X8.48","X9.48","X10.48","X11.48","X12.48","X13.48","X14.48","X15.48","X16.48","X17.48","X18.48","X19.48","X20.48","X1.49","X2.49","X3.49","X4.49","X5.49","X6.49","X7.49","X8.49","X9.49","X10.49","X11.49","X12.49","X13.49","X14.49","X15.49","X16.49","X17.49","X18.49","X19.49","X20.49"
"1",0.387657000345209,0.198122162779221,0,-0.357733315778167,0,0,0,0,0.272919907321648,0,0,0,-0.264246264476871,0,0,0,0,0,0,0,-0.0324368117771099,0.332004648611781,0,0.331802346903166,0,0,0,0,-0.271197246178825,0,0,0,-0.321778841888009,0,0,0,0,0,0,0,0.26229197019648,0.301433729794009,0,0.242349614164364,0,0,0,0,-0.3020972132312,0,0,0,0.352587185756845,-0.0219419221594106,0,0,0,0,0,0,-0.347423570479534,-0.241590345570555,0,0.260765273544184,0,0,0,0,-0.203624478284211,0,0,0,0.192543370592997,0,0,0,0,0,0,0,-0.28408481904665,0.177277974835616,0,-0.3297088852597,0,0,0,0,0.243812693917435,0,0,0,-0.131795768583767,0,0,0,0,0.0209395894847282,0,0,-0.418368571209783,-0.428274456413922,0,0.347205631233486,0,0,0,0,0.434059319867412,0,0,0,0.305371254339265,0,0,0,0,0,0,0,0.153249428911361,0.300884186141697,0,0.305359923700659,0,0,0,0,0.297556029710902,0,0,0,-0.243527476274414,0,0,0,0,0,0,0,0.354697717644683,-0.299722599516534,0,-0.315157800610073,0,0,0,0,0.230988789034098,0,0,0,0.246815536826863,0,0,0,0,0,0,0,0.0237646566146334,0.337149847178121,0,-0.357685257897553,0,0,0,0,-0.339287305421141,0,0,0,0.296934799440983,0,0,0,0,0,0,0,0.0969037529875054,-0.331572837874996,0,0.296181291062535,0,0,0,0,0.337564824556089,0,0,0,-0.284995409167159,0,0,0,0,0,0,0,0,-0.274658943057609,0,0.139848484183603,0,0,0,0,-0.251815052742525,0,0,0,-0.314025351289891,0,0,0,0,0,0,0,0.369658547617251,-0.346571356161829,0,0.386024293497761,0,0,0,0,-0.329194169037934,0,0,0,0.31901574568047,0,0,0,0,0,0,0,-0.0817842830922335,0.33109932569808,0,-0.315517417468522,0,0,0,0,-0.262148798855569,0,0,0,-0.262112117147609,0,0,0,0,0,0,0,0.0628471028955922,0.254682040089942,0,-0.342078230001237,0,0,0,0,-0.360293153001629,0,0,0,0.293714816567874,0,0,0,0,0,0,0,0,0.253675338070324,0,-0.134717575089453,0,0,0,0,-0.262110945832509,0,0,0,0.39897613661072,0,0,0,0,0,0,0,0.362279807890958,0.271627977081123,0,0.335872517449392,0,0,0,0,0.280828464401151,0,0,0,0.221508030980053,0,0,0,0,0,0,0,-0.114582585308643,-0.31511641299105,0,0.310769610871933,0,0,0,0,0.303955519890739,0,0,0,0.256127867090209,0,0,0,0,0,0,0,0.45177955243156,0.38150632716382,0,0.233345950474039,0,0,0,0,0.163219540964321,0,0,0,0.257580764940929,0,0,0,0,0,0,0,-0.225709769748841,-0.282663986551066,0,-0.257018405748308,0,0,0,0,0.245861147951044,0,0,0,0.210222469702073,0,0,0,0,0,0,0,0.441564728104367,0.183479160665665,0,-0.249120180853091,0,0,0,0,-0.293676442038823,0,0,0,-0.282415334777777,0,0,0,0,0,0,0,0.320324108470418,0.288067789378064,0,0.341960082524151,0,0,0,0,0.436793724633959,0,0,0,0.246179378155066,-0.0255326319188433,0,0,0,0,0,0,0.224612156985735,0.237388321348069,0,0.313497664334404,0,0,0,0,-0.181702328021199,0,0,0,0.245688958229562,0,0,0,0,0,0,0,0.502742196188104,0.297682088549002,0,-0.419252371476919,0,0,0,0,-0.251677469080894,0,0,0,0.204310971181711,0,0,0,0,0,0,0,0.396559580725817,0.387516350454801,0,-0.158604232634555,0,0,0,0,0.291978207928778,0,0,0,0.403739211177008,0,0,0,0,0,0,0,0.0877158302714839,0.312169217449933,0,-0.22812757862359,0,0,0,0,-0.282494867637608,0,0,0,0.23247395352166,0,0,0,0,0,0,0,-0.271873171876793,0.283870841389769,0,-0.202573044995756,0,0,0,0,0.24876281259751,0,0,0,0.199744169576153,-0.0211198860877292,0,0,0,0,0,0,0.305874120922823,0.417283076092537,0,0.396293239359476,0,0,0,0,-0.319023554224903,0,0,0,0.202728087273481,0,0,0,0,0,0,0,-0.533078842774812,0.442176039266042,0,-0.176839510499835,0,0,0,0,0.306099420360533,0,0,0,-0.344646422772532,0,0,0,0,0,0,0,-0.0380132932052437,0.351015292119249,0,0.310671836272742,0,0,0,0,-0.362463909519248,0,0,0,0.292579312114739,0,0,0,0,0,0,0,-0.346710416456527,0.26542003635449,0,0.0872283008851635,0,0,0,0,0.295387060725211,0,0,0,0.318960584330832,0,0,0,0,0,0,0,-0.0276978211555986,0.273893051141279,0,-0.427308339408283,0,0,0,0,0.268934881683291,0,0,0,0.243565724558357,0,0,0,0,0,0,0,-0.181138957212154,0.311627387964712,0,0.254047239110396,0,0,0,0,-0.24519566628619,0,0,0,-0.292943565035336,0,0,0,0,0,0,0,-0.393433409393471,-0.269464260997102,0,-0.251728794563038,0,0,0,0,-0.278260301673242,0,0,0,0.280626491632047,-0.0270728849328062,0,0,0,0,0,0,-0.373825454239918,0.297543585140272,0,0.338644370359735,0,0,0,0,-0.290427283850234,0,0,0,-0.331848215034227,0,0,0,0,0,0,0,-0.497392658732056,0.208415174797431,0,-0.162665036166394,0,0,0,0,-0.275322135892553,0,0,0,-0.277929261159227,0,0,0,0,0,0,0,0.480545870835651,-0.242127600870554,0,-0.40139080958707,0,0,0,0,-0.258370901097235,0,0,0,-0.32587436705063,0,0,0,0,0,0,0,0.241262270247652,-0.328953025272815,0,-0.22327083232484,0,0,0,0,-0.215606189076256,0,0,0,-0.223445173520781,0.0275200583097882,0,0,0,0,0,0,0.271680613859552,-0.350178598544483,0,-0.228538717537982,0,0,0,0,0.255231000910337,0,0,0,-0.268984869306582,-0.0254604686709024,0,0,0,0,0,0,0.232736734949734,0.289098541221055,0,0.322954315886554,0,0,0,0,0.105367436678257,0,0,0,0.228286188795022,0,0,0,0,0,0,0,-0.157694493742247,0.341609602078633,0,-0.180841462294926,0,0,0,0,-0.209711012410729,0,0,0,-0.294776201139326,0,0,0,0,0,0,0,-0.0910232172265499,-0.38064133192923,0,0.257314432102266,0,0,0,0,0.305500323292806,0,0,0,0.341481109235601,0,0,0,0,0,0,0,0.0293835490336349,0.268477205936819,0,-0.277324567820275,0,0,0,0,-0.187803762039416,0,0,0,0.416148401067773,0.0410668151022142,0,0,0,0,0,0,-0.385530039065833,0.342901134417394,0,-0.238071001450136,0,0,0,0,-0.19930189032787,0,0,0,-0.186625489606371,0,0,0,0,0,0,0,-0.236614878615355,-0.29453809482734,0,0.213043602037703,0,0,0,0,-0.241308763900139,0,0,0,-0.2485581628494,0,0,0,0,0,0,0,0.344255915005692,0.248508045478536,0,0.287971060514373,0,0,0,0,-0.315410696673257,0,0,0,0.313125415283746,-0.0954702405356881,0,0,0,0,0,0,0.248253532179903,0.283739348410205,0,0.20355825769838,0,0,0,0,0.295198319921801,0,0,0,0.315471249764595,0,0,0,0,0,0,0,0.234805881062736,0.393605242017554,0,0.301462144300337,0,0,0,0,0.319336046920097,0,0,0,-0.335902376326812,0,0,0,0,0,0,0,-0.117148300182374,-0.255995682182324,0,-0.285655128844171,0,0,0,0,-0.304881113115861,0,0,0,-0.375065260979943,0,0,0,0,0,0,0,-0.0683370747856012,-0.340945854199879,0,-0.185118761082087,0,0,0,0,-0.491329135944876,0,0,0,-0.23506084609324,0,0,0,0,0,0,0,0.022880378786891,-0.330755376466106,0,-0.169887759906873,0,0,0,0,0.256344291256804,0,0,0,-0.404884505732459,0,0,0,0,0,0,0
"2",-0.339374021500334,0.0909507395296702,0,0,0,0,0,0,0,0.218445939895732,0.034515079762065,0,0,0,-0.228647153557356,-0.354008147874167,0,0,0.446477344104177,0,-0.245987227656214,0.0900056755211553,0,0,0,0,0,0,0,-0.294742095563916,0,0,0,0,-0.251882381081297,-0.27645295074273,0,0,0.26843040155175,0,0.30139699640043,-0.539064697789112,0,0,0,0,0,0,0,0.336359801716356,0,0,0.0240028947032352,0,0.220032866531253,-0.266361118184436,0,0,0.284054286651958,0,-0.227627144767501,-0.143177689336361,0,0,0,0,0,0,0,-0.371882684178803,0,0,0,0,0.297457547979767,-0.39301404695036,0,0,0.250765397784199,0,-0.321266593304307,0.12879956032009,0,0,0,0,0,0,0,0.26330313062805,0,0,0.0250203138660408,0,-0.22932586603283,0.230508626151546,0,0,-0.463328033135431,0,-0.324674336340051,-0.172202934186645,0,0,0,0,0,0,0,-0.276938391413682,0,0,0,0,0.289124952066975,0.275529286928063,0,0,0.280275403068063,0,-0.283456030673052,0.559032307440819,0,0,0,0,0,0,0,-0.207183132236189,-0.0212047497795281,0,0,0,-0.363047944574804,0.23663144696002,0,0,-0.490859522763394,0,0.264878054349358,0.144596159345511,0,0,0,0,0,0,0,0.293544762247512,0.0400572916168662,0,0,0,-0.297615888762267,-0.318286578674147,0,0,-0.343967258050653,0,0.320097225374112,0.0373425415182169,0,0,0,0,0,0,0,0.354829001776404,0,0,0,0,-0.322238375617586,0.275653515775635,0,0,-0.215344102688201,0,0.337565549015709,-0.39163920270267,0,0,0,0,0,0,0,-0.221296051771042,-0.024996700811527,0,0,0,-0.265350120259049,-0.287628893799144,0,0,-0.343556465598399,0,0.314792611641151,-0.349028372795515,0,0,0,0,0,0,0,-0.321296266443458,0,0,0,0,-0.286877619821768,-0.286201523777814,0,0,0.286787207382461,0,-0.224362330529772,0,0,0,0,0,0,0,0,0.263128542439875,0.0387043930808318,0,0,0,0.317450665812571,-0.226673830013973,0,0,0.171159794128507,0,0.418014569583098,-0.227074985367296,0,0,0,0,0,0,0,-0.186236240329122,0.141174041779114,0,0,0,0.298060014027244,0.274165907333248,0,0,-0.310491383146065,0,-0.269416455469736,-0.338644178393514,0,0,0,0,0,0,0,-0.173219836023094,0.0235682081702057,0,0,0,0.247586936087354,0.271542472335082,0,0,0.305966496052402,0,-0.18737762312769,0.423669730009533,0,0,0,0,0,0,0,-0.325689082210916,0,0,0,0,0.282731246726303,0.364372794016137,0,0,0.327260449955746,0,-0.371945598249433,0.320942835619174,0,0,0,0,0,0,0,-0.267352711090561,0,0,0,0,-0.301581995093128,-0.24401921201689,0,0,0.261320786336444,0,-0.395666286393927,0.394203992540623,0,0,0,0,0,0,0,-0.320622335333756,-0.037390382073566,0,0,0,-0.351852957311861,-0.357052859028137,0,0,0.345257928115426,0,-0.362556004402043,0.458244343888259,0,0,0,0,0,0,0,-0.405279848673121,0,0,0,0,-0.266935417879468,-0.309474755517715,0,0,0.29506711925215,0,0.410946691468778,0,0,0,0,0,0,0,0,-0.184806894477881,0,0,0,0,-0.275080413341097,0.332824951456559,0,0,0.376229367733327,0,-0.322248082685275,0.234251488446353,0,0,0,0,0,0,0,0.219715310989506,-0.0670611684337748,0,0,0,0.298498677041041,-0.140048955257581,0,0,-0.299668801810523,0,-0.324804620618906,-0.449559236726967,0,0,0,0,0,0,0,-0.370904227980138,0,0,0,0,0.279148656379557,0.336636631911014,0,0,-0.336891483771746,0,-0.305258814678405,-0.156392713154631,0,0,0,0,0,0,0,0.296514842714236,-0.0555817556730836,0,0,0,0.297785961764161,-0.327783887991878,0,0,-0.286540696800417,0,-0.325303207348479,0.413460753420001,0,0,0,0,0,0,0,-0.278447231498366,0,0,0,0,-0.232529759247149,-0.261356517424137,0,0,0.343616286469453,0,-0.294753972514169,0.123936958029364,0,0,0,0,0,0,0,0.427649160469066,0,0,0.0284214177278439,0,0.275716067213444,-0.254869717544178,0,0,-0.275032029429847,0,0.385052785533377,0.404928312247838,0,0,0,0,0,0,0,0.26786741311439,-0.041646174582989,0,0,0,0.314424745517071,0.183776124250461,0,0,-0.381553489198286,0,0.394792625534073,-0.419066229092509,0,0,0,0,0,0,0,-0.224507213608509,0,0,0,0,-0.249424026536302,0.314139490811141,0,0,-0.388127181642476,0,0.316474800758664,0.105424870993183,0,0,0,0,0,0,0,0.252446472235528,-0.0467109353471763,0,0,0,-0.243743957332373,-0.186229043897016,0,0,0.342462072723074,0,0.280641090020344,0.445536332772776,0,0,0,0,0,0,0,0.321986201851446,-0.0554387828599204,0,0,0,0.244075899868619,-0.261591571104783,0,0,0.349337497561896,0,0.234435724969364,0.149433534652213,0,0,0,0,0,0,0,-0.29556683169949,-0.0247559628760418,0,0,0,0.303704650071257,-0.23330009146488,0,0,0.417511628839244,0,-0.360815782714886,-0.0393273973732897,0,0,0,0,0,0,0,0.28231555654171,-0.0261051149416528,0,0,0,0.342407238352743,0.323759682119084,0,0,-0.345468785397775,0,-0.309327578896993,0.057736423261028,0,0,0,0,0,0,0,-0.29812680668634,0,0,0,0,-0.353254106482774,-0.325867500155065,0,0,0.380172278443196,0,-0.474213046913904,0.422947841581866,0,0,0,0,0,0,0,0.27660602408319,0,0,0,0,-0.24928625560007,-0.239298933097444,0,0,0.339931985366708,0,-0.333039480347722,-0.369183390392784,0,0,0,0,0,0,0,0.358797717203426,0,0,0,0,0.286670092453642,-0.286486506785599,0,0,0.29245713940576,0,-0.243904494178298,-0.567168722756601,0,0,0,0,0,0,0,-0.30844059737889,0,0,0,0,-0.25164529427859,-0.305426663379731,0,0,-0.413901157683136,0,-0.231849020656474,0.344310663663743,0,0,0,0,0,0,0,-0.250058512131869,0.0666445094783943,0,0,0,-0.211441711885392,0.268302079140986,0,0,-0.265879947778352,0,0.295481976420298,-0.446614436551932,0,0,0,0,0,0,0,-0.274262625998894,-0.0788056061945427,0,0,0,0.226639269589302,0.214648892019291,0,0,0.361239533784702,0,0.271145192338261,-0.533744058296508,0,0,0,0,0,0,0,0.253425152317411,0.0253747625901804,0,0,0,-0.316540730535303,-0.333177058691943,0,0,-0.330225476860543,0,0.264123885213738,0.145096824244539,0,0,0,0,0,0,0,-0.360479005566315,0,0,0,0,0.444943965787996,0.363047983365367,0,0,-0.382533521812311,0,-0.304411688446091,-0.0895444222515838,0,0,0,0,0,0,0,0.377865079798796,-0.0258394290352727,0,0,0,0.193086796933865,0.213223803444902,0,0,0.360607017955192,0,-0.345460907160257,-0.205425581301762,0,0,0,0,0,0,0,-0.230204787602688,0,0,0,0,0.335901478237202,0.30950635508188,0,0,0.372929207859006,0,-0.300218428558527,0.0720373634346997,0,0,0,0,0,0,0,0.253615696850226,-0.112873810025064,0,0,0,-0.247839300125043,0.307007103386188,0,0,0.233076749590648,0,-0.329951234591005,0.410858646502527,0,0,0,0,0,0,0,-0.318634234862514,-0.0229308110912202,0,0,0,0.225911218267216,-0.226851935959241,0,0,-0.444978124133909,0,0.384052244424071,-0.417251736522262,0,0,0,0,0,0,0,-0.149298826228446,0,0,0,0,-0.276416373620758,-0.369556120112976,0,0,0.368260774422598,0,-0.309214904316182,0.372843969300046,0,0,0,0,0,0,0,-0.276757566111038,-0.0629981725356758,0,0,0,0.324822088954903,0.304097748515343,0,0,0.22683050356705,0,-0.317985767225542,0.461897703577905,0,0,0,0,0,0,0,-0.308473995557546,0,0,0,0,0.23642163439745,-0.193303899335302,0,0,0.419178478878123,0,0.372637076087523,0.123346682394167,0,0,0,0,0,0,0,-0.321025990609972,0,0,0,0,-0.2937146314642,0.329685350437342,0,0,0.329067333017564,0,-0.300324936172673,0.39617889500167,0,0,0,0,0,0,0,-0.211685646839659,0,0,0,0,0.124873171992704,0.203522679697763,0,0,0.324962237049881,0,-0.241128497962357,-0.372213429815,0,0,0,0,0,0,0,-0.345070252290652,0,0,0,0,-0.289184418101884,0.289684544731801,0,0,-0.238748296919324,0,0.116075262096062,-0.1316814418531,0,0,0,0,0,0,0,0.324209143454434,-0.0236352701126997,0,-0.0256671875124427,0,0.354193284722878,0.315465359852776,0,0,0.381473491392773,0,0.21720183575855,-0.23996947250274,0,0,0,0,0,0,0,0.335705529302731,0,0,0,0,0.21870093720519,0.383422316182964,0,0,0.425196381237931,0
"3",0,0,0.429308451742193,0,0,0,0,0,0,0,0,0,-0.306400790781477,0,0,0,0,0,0,0,0,0,0.396293532167969,0,0,0,0,0,0,0,0,0,0.235189549413538,0,0,0,0,0,0,0,0,0,0.124046659033918,0,0,0,0,0,0,0,0,0,-0.125252382521195,0,0,0,0,0,0,0,0,0,0.472252810020256,0,0,0,0,0,0,0,0,0,0.412806267087384,0,0,0,0,0,0,0,0,0,-0.0853601676577387,0,0,0,0,0,0,0,0,0,0.410998135608438,0,0,0,0,0,0,0,0,0,0.386768228440636,0,0,0,0,0,0,0,0,0,0.21991844702498,0,0,0,0,0,0,0,0,0,0.172489881753454,0,0,0,0,0,0,0,0,0,-0.276630542105971,0,0,0,0,0,0,0,0,0,0.343980071103301,0,0,0,0,0,0,0,0,0,0.369094005588058,0,0,0,0,0,0,0,0,0,-0.199939285283302,0,0,0,0,0,0,0,0,0,-0.230601044967257,0,0,0,0,0,0,0,0,0,-0.201571272232893,0,0,0,0,0,0,0,0,0,0.242252792962431,0,0,0,0,0,0,0,0,0,0.0456012931379502,0,0,0,0,0,0,0,0,0,0.314737650566212,0,0,0,0,0,0,0,0,0,0.327819008111019,0,0,0,0,0,0,0,0,0,0.239893096822685,0,0,0,0,0,0,0,0,0,0.431636701666438,0,0,0,0,0,0,0,0,0,0.440590504654271,0,0,0,0,0,0,0,0,0,-0.0555217437075383,0,0,0,0,0,0,0,0,0,-0.339443396196015,0,0,0,0,0,0,0,0,0,-0.411634423442563,0,0,0,0,0,0,0,0,0,0.273231283117805,0,0,0,0,0,0,0,0,0,0.241713938132111,0,0,0,0,0,0,0,0,0,0.279959058881523,0,0,0,0,0,0,0,0,0,0.22436093732694,0,0,0,0,0,0,0,0,0,0.272611330070537,0,0,0,0,0,0,0,0,0,-0.40416459202647,0,0,0,0,0,0,0,0,0,-0.23056811121198,0,0,0,0,0,0,0,0,0,0.508622940262519,0,0,0,0,0,0,0,0,0,-0.31706726568616,0,0,0,0,0,0,0,0,0,-0.252614902181426,0,0,0,0,0,0,0,0,0,0.494544130212088,0,0,0,0,0,0,0,0,0,-0.352857194417308,0,0,0,0,0,0,0,0,0,0.273680297561615,0,0,0,0,0,0,0,0,0,0.340663815103578,0,0,0,0,0,0,0,0,0,-0.247931666546946,0,0,0,0,0,0,0,0,0,0.313079913368864,0,0,0,0,0,0,0,0,0,0.33648624631009,0,0,0,0,0,0,0,0,0,-0.407764432711045,0,0,0,0,0,0,0,0,0,-0.217726548327475,0,0,0,0,0,0,0,0,0,0.226160301554041,0,0,0,0,0,0,0,0,0,0.310669289540266,0,0,0,0,0,0,0,0,0,-0.371061749991877,0,0,0,0,0,0,0,0,0,-0.443349122964181,0,0,0,0,0,0,0,0,0,-0.12234100147839,0,0,0,0,0,0,0,0,0,0.185560149849262,0,0,0,0,0,0,0,0,0,0.0714284318084537,0,0,0,0,0,0,0,0,0,0.378105928527496,0,0,0,0,0,0,0,0,0,-0.443032603316309,0,0,0,0,0,0,0,0,0,0.252546528452952,0,0,0,0,0,0,0,0,0,0.378671822589422,0,0,0,0,0,0,0,0,0,0.312382144736755,0,0,0,0,0,0,0,0,0,0.321466488902726,0,0,0,0,0,0,0,0,0,-0.278699947783244,0,0,0,0,0,0,0,0,0,0.217640322047085,0,0,0,0,0,0,0,0,0,0.212172909268925,0,0,0,0,0,0,0,0,0,0.461157179678601,0,0,0,0,0,0,0,0,0,-0.230006202106609,0,0,0,0,0,0,0,0,0,-0.509525052541102,0,0,0,0,0,0,0,0,0,0.408106759973319,0,0,0,0,0,0,0,0,0,-0.303867690107965,0,0,0,0,0,0,0,0,0,0.302086735798844,0,0,0,0,0,0,0,0,0,0.321944529872363,0,0,0,0,0,0,0,0,0,0.331482490854393,0,0,0,0,0,0,0,0,0,-0.187431386498657,0,0,0,0,0,0,0,0,0,-0.239762112757432,0,0,0,0,0,0,0,0,0,0.0395475805307037,0,0,0,0,0,0,0,0,0,0.27261590508504,0,0,0,0,0,0,0,0,0,-0.0401097470487243,0,0,0,0,0,0,0,0,0,0.269919375490865,0,0,0,0,0,0,0,0,0,0.0916670257420745,0,0,0,0,0,0,0,0,0,0.268147606393078,0,0,0,0,0,0,0,0,0,-0.138821887960336,0,0,0,0,0,0,0,0,0,-0.148874336374399,0,0,0,0,0,0,0,0,0,-0.463351163227117,0,0,0,0,0,0,0,0,0,-0.286137635500646,0,0,0,0,0,0,0,0,0,-0.0856834014242091,0,0,0,0,0,0,0,0,0,0.251230505611395,0,0,0,0,0,0,0,0,0,0.351888568574343,0,0,0,0,0,0,0,0,0,0.255917369723065,0,0,0,0,0,0,0,0,0,0.166924610207112,0,0,0,0,0,0,0,0,0,0.192921498553811,0,0,0,0,0,0,0,0,0,-0.239213305093168,0,0,0,0,0,0,0,0,0,0.360704507305309,0,0,0,0,0,0,0,0,0,0.215587130324272,0,0,0,0,0,0,0,0,0,-0.200427515248596,0,0,0,0,0,0,0,0,0,0.488739193326728,0,0,0,0,0,0,0,0,0,0.198105389556382,0,0,0,0,0,0,0,0,0,-0.480196110101855,0,0,0,0,0,0,0,0,0,-0.350053292722068,0,0,0,0,0,0,0,0,0,0.292840088317288,0,0,0,0,0,0,0,0,0,-0.421912738639171,0,0,0,0,0,0,0
"4",0,0,0,-0.366675162065559,0.261195953448686,0,0,0,0,0,0,0,0,0,0,0,0,0,-0.33195512660513,0,0,0,0,-0.114713535467772,0.173766658864286,0,0,0,0,0,0,0,0,0,0,0,0,0,0.355049141288111,0,0,0,0,0.0885410578534884,0.397076650190158,0,0,0,0,0,0,0,0,0,0,0,0,0,-0.389257942141862,0,0,0,0,0.0748154044078373,-0.310222725913725,0,0,0,0,0,0,0,0,0,0,0,0,0,0.395544145907837,0,0,0,0,0.436054717335181,-0.25559835495852,0,0,0,0,0,0,0,0,0,0,0,0,0,-0.247712198801732,0,0,0,0,-0.192224299629589,0.341001681710484,0,0,0,0,0,0,0,0,0,0,0,0,0,-0.336404641131575,0,0,0,0,0,0.161668901138234,0,0,0,0,0,0,0,0,0,0,0,0,0,0.271978462089991,0,0,0,0,-0.317228152266121,-0.205353256533908,0,0,0,0,0,0,0,0,0,0,0,0,0,-0.339695213234745,0,0,0,0,0.114502627952814,0.308429346943703,0,0,0,0,0,0,0,0,0,0,0,0,0,-0.371896947374589,0,0,0,0,0.0438856767682953,-0.359550774031254,0,0,0,0,0,0,0,0,0,0,0,0,0,0.345447916326671,0,0,0,0,-0.198568698729624,0.247240698710872,0,0,0,0,0,0,0,0,0,0,0,0,0,0.338174790675027,0,0,0,0,-0.0925118712080785,0.331924954718955,0,0,0,0,0,0,0,0,0,0,0,0,0,0.336480071147,0,0,0,0,0.288628737707731,0.200920936936555,0,0,0,0,0,0,0,0,0,0,0,0,0,0.341999508572401,0,0,0,0,0.342174641639623,-0.35089579370709,0,0,0,0,0,0,0,0,0,0,0,0,0,-0.327312195879291,0,0,0,0,-0.0884857076847275,0.213986160701754,0,0,0,0,0,0,0,0,0,0,0,0,0,0.34189993990264,0,0,0,0,0.236631234545035,0.298395565094588,0,0,0,0,0,0,0,0,0,0,0,0,0,0.35443027510836,0,0,0,0,-0.44194814648661,-0.228491557849641,0,0,0,0,0,0,0,0,0,0,0,0,0,0.311315740717251,0,0,0,0,0,-0.254283346696239,0,0,0,0,0,0,0,0,0,0,0,0,0,0.3637366769781,0,0,0,0,0.3134797958264,0.331518469755884,0,0,0,0,0,0,0,0,0,0,0,0,0,-0.366061722806639,0,0,0,0,-0.102359877698335,-0.202990180383731,0,0,0,0,0,0,0,0,0,0,0,0,0,0.298126433654723,0,0,0,0,0.153067617078002,-0.287761431993487,0,0,0,0,0,0,0,0,0,0,0,0,0,-0.303893249105295,0,0,0,0,-0.431503404463444,0.34275076788706,0,0,0,0,0,0,0,0,0,0,0,0,0,-0.187885135571531,0,0,0,0,-0.0997001387157373,-0.352597940879019,0,0,0,0,0,0,0,0,0,0,0,0,0,-0.32286819834753,0,0,0,0,-0.602666711045768,0.253480610414687,0,0,0,0,0,0,0,0,0,0,0,0,0,0.389510218487647,0,0,0,0,0,-0.329032903187963,0,0,0,0,0,0,0,0,0,0,0,0,0,-0.400315494921073,0,0,0,0,0.283639572870956,-0.184318910266437,0,0,0,0,0,0,0,0,0,0,0,0,0,-0.361844857178327,0,0,0,0,0.454301971029867,-0.346040316586772,0,0,0,0,0,0,0,0,0,0,0,0,0,0.33450099025002,0,0,0,0,0.092216038566854,-0.228270850539007,0,0,0,0,0,0,0,0,0,0,0,0,0,-0.254737857793982,0,0,0,0,0.358464329407952,0.405697965779092,0,0,0,0,0,0,0,0,0,0,0,0,0,0.372161216867471,0,0,0,0,0,0.255071149041351,0,0,0,0,0,0,0,0,0,0,0,0,0,0.318916974812528,0,0,0,0,-0.336761134034087,0.2920694427718,0,0,0,0,0,0,0,0,0,0,0,0,0,-0.312539425507038,0,0,0,0,0.375824332354002,-0.210719979279801,0,0,0,0,0,0,0,0,0,0,0,0,0,-0.240235544003305,0,0,0,0,-0.314557927284033,-0.302563647247639,0,0,0,0,0,0,0,0,0,0,0,0,0,-0.397782746833387,0,0,0,0,0.432070464951542,-0.25853079362413,0,0,0,0,0,0,0,0,0,0,0,0,0,-0.264898317759487,0,0,0,0,0.338046666180083,0.193945059442641,0,0,0,0,0,0,0,0,0,0,0,0,0,-0.390772424217391,0,0,0,0,0.24354446365263,-0.294399780573081,0,0,0,0,0,0,0,0,0,0,0,0,0,0.386927301569959,0,0,0,0,0.504774386641375,-0.365188144882635,0,0,0,0,0,0,0,0,0,0,0,0,0,0.245861281431605,0,0,0,0,-0.0255796507015054,0.253379049273475,0,0,0,0,0,0,0,0,0,0,0,0,0,0.232271175981824,0,0,0,0,0.201094925887582,-0.227487130121023,0,0,0,0,0,0,0,0,0,0,0,0,0,0.158646846003566,0,0,0,0,-0.0368734758411519,0.390480371679707,0,0,0,0,0,0,0,0,0,0,0,0,0,0.319151160122805,0,0,0,0,0,-0.31248792250591,0,0,0,0,0,0,0,0,0,0,0,0,0,0.36489753457319,0,0,0,0,-0.375260801051755,-0.0843999972713869,0,0,0,0,0,0,0,0,0,0,0,0,0,-0.382735466266199,0,0,0,0,0.306654599563227,-0.299381197925077,0,0,0,0,0,0,0,0,0,0,0,0,0,-0.255848048551151,0,0,0,0,-0.220427501354149,0.133672311144675,0,0,0,0,0,0,0,0,0,0,0,0,0,0.439863896924143,0,0,0,0,0.193504073902031,0.209409077610077,0,0,0,0,0,0,0,0,0,0,0,0,0,-0.385741058373823,0,0,0,0,0.266471356117129,0.281199377792564,0,0,0,0,0,0,0,0,0,0,0,0,0,-0.435604548780011,0,0,0,0,-0.497233582397286,-0.332866724033175,0,0,0,0,0,0,0,0,0,0,0,0,0,-0.210786670531499,0,0,0,0,-0.431453020458455,0.226872536218042,0,0,0,0,0,0,0,0,0,0,0,0,0,-0.278429546188604,0,0,0,0,-0.265684343724033,-0.355115517398493,0,0,0,0,0,0,0,0,0,0,0,0,0,-0.297921984157981,0,0,0,0,0.167148668788459,0.303197509931294,0,0,0,0,0,0,0,0,0,0,0,0,0,-0.297544745096879,0
"5",0,0,0,0,-0.349715579035983,0,0,0,0,0,0,0,0,0,0,0,-0.378252564868991,0,0,0,0,0,0,0,-0.251030538500365,0,0,0,0,0,0,0,0,0,0,0,-0.319578012175378,0,0,0,0,0,0,0,0.182041215061381,0,0,0,0.0262245183079277,0,0,0,0,0,0,0,0.33361758558713,0,0,0,0,0,0,0,-0.056920635478557,0,0,0,0,0,0,0,0,0,0,0,-0.302903141709805,0,0,0,0,0,0,0,0.188531557025465,0,0,0,0,0,0,0,0,0,0,0,0.25077197536355,0,0,0,0,0,0,0,-0.428030980848206,0,0,0,0,0,0,0,0,0,0,0,0.235324167535084,0,0,0,0,0,0,0,0.273554609636195,0,0,0,0,0,0,0,0,0,0,0,0.287337259200874,0,0,0,0,0,0,0,0.395695730211199,0,0,0,0,0,0,0,0,0,0,0,0.264944759785852,0,0,0,0,0,0,0,0,0,0,0,0,0,0,0,0,0,0,0,0.267427058845812,0,0,0,0,0,0,0,0.173236908540595,0,0,0,0,0,0,0,0,0,0,0,-0.312177104836149,0,0,0,0,0,0,0,-0.169353439110236,0,0,0,0,0,0,0,0,0,0,0,0.249494607282505,0,0,0,0,0,0,0,-0.0626795251091889,0,0,0,0,0,0,0,0,0,0,0,0.152215688200842,0,0,0,0,0,0,0,-0.460907297323681,0,0,0,0,0,0,0,0,0,0,0,0.310852964720971,0,0,0,0,0,0,0,-0.224200963381387,0,0,0,0,0,0,0,0,0,0,0,-0.290770395091693,0,0,0,0,0,0,0,-0.331666303973983,0,0,0,0.0219682463887378,0,0,0,0,0,0,0,-0.289577835212259,0,0,0,0,0,0,0,-0.45271666702693,0,0,0,0,0,0,0,0,0,0,0,-0.198095039914709,0,0,0,0,0,0,0,0.108379097358285,0,0,0,0,0,0,0,0,0,0,0,-0.37129861119671,0,0,0,0,0,0,0,0.24869841055521,0,0,0,0,0,0,0,0,0,0,0,0.31515407398635,0,0,0,0,0,0,0,0.417571852036168,0,0,0,0,0,0,0,0,0,0,0,0.165948181619951,0,0,0,0,0,0,0,-0.411405512091064,0,0,0,0,0,0,0,0,0,0,0,0.301592940618332,0,0,0,0,0,0,0,0,0,0,0,0,0,0,0,0,0,0,0,-0.15170969654161,0,0,0,0,0,0,0,-0.20362400609772,0,0,0,0,0,0,0,0,0,0,0,0.332587661037864,0,0,0,0,0,0,0,0.368468179996557,0,0,0,0,0,0,0,0,0,0,0,-0.269916463363478,0,0,0,0,0,0,0,0.429130925692483,0,0,0,0,0,0,0,0,0,0,0,-0.278861667298232,0,0,0,0,0,0,0,0.030603286757657,0,0,0,0,0,0,0,0,0,0,0,0.260712423088695,0,0,0,0,0,0,0,0.0280900376299206,0,0,0,0,0,0,0,0,0,0,0,-0.204722064979574,0,0,0,0,0,0,0,-0.0590956662648333,0,0,0,0,0,0,0,0,0,0,0,0.280664438981556,0,0,0,0,0,0,0,0.246537435237159,0,0,0,0,0,0,0,0,0,0,0,-0.233284232085145,0,0,0,0,0,0,0,-0.0467925252473617,0,0,0,0,0,0,0,0,0,0,0,-0.321598340087864,0,0,0,0,0,0,0,0.239088790926215,0,0,0,0,0,0,0,0,0,0,0,0.232669307867323,0,0,0,0,0,0,0,0,0,0,0,0,0,0,0,0,0,0,0,-0.30762440816268,0,0,0,0,0,0,0,-0.182746544879499,0,0,0,0,0,0,0,0,0,0,0,0.2846024278942,0,0,0,0,0,0,0,-0.355271820597458,0,0,0,0,0,0,0,0,0,0,0,0.373248114440376,0,0,0,0,0,0,0,-0.121799780604982,0,0,0,0,0,0,0,0,0,0,0,0.203136847514891,0,0,0,0,0,0,0,0.109990217711401,0,0,0,0,0,0,0,0,0,0,0,0.339357800519609,0,0,0,0,0,0,0,0.415395372593211,0,0,0,0.0262806457106637,0,0,0,0,0,0,0,0.252371767658651,0,0,0,0,0,0,0,0.178564746042761,0,0,0,0,0,0,0,0,0,0,0,-0.242484162465446,0,0,0,0,0,0,0,-0.517018883724638,0,0,0,0,0,0,0,0,0,0,0,0.219443997009788,0,0,0,0,0,0,0,0.0946654218593543,0,0,0,0,0,0,0,0,0,0,0,0.221226369779114,0,0,0,0,0,0,0,0.476599692401122,0,0,0,0,0,0,0,0,0,0,0,0.292267350876877,0,0,0,0,0,0,0,0.196065283622918,0,0,0,0,0,0,0,0,0,0,0,0.259593963174709,0,0,0,0,0,0,0,0.0626692101891993,0,0,0,0,0,0,0,0,0,0,0,0.184964408410626,0,0,0,0,0,0,0,-0.104448509049443,0,0,0,0,0,0,0,0,0,0,0,0.183646802412741,0,0,0,0,0,0,0,0.277681867869742,0,0,0,0,0,0,0,0,0,0,0,-0.305753827177606,0,0,0,0,0,0,0,-0.22383487255987,0,0,0,0,0,0,0,0,0,0,0,0.251649176998068,0,0,0,0,0,0,0,-0.404409864224021,0,0,0,0,0,0,0,0,0,0,0,0.352852452468024,0,0,0,0,0,0,0,-0.252061782502397,0,0,0,0,0,0,0,0,0,0,0,-0.293432226846088,0,0,0,0,0,0,0,-0.512339957214939,0,0,0,0.0224692775947635,0,0,0,0,0,0,0,-0.411262778978318,0,0,0,0,0,0,0,0.0536962673685436,0,0,0,0,0,0,0,0,0,0,0,0.276751460066163,0,0,0,0,0,0,0,-0.332457090738159,0,0,0,0,0,0,0,0,0,0,0,0.361273503680072,0,0,0
"6",0,0,0,0,0,0,0,0,0,0,0,0,0.404357311482779,0,0,0,0,0.314637753697592,0,0,0,0,0,0,0,-0.616010996099403,0,0,0,0,0,0,0.415895386932059,0,0,0,0,0.248993829902636,0,0,0,0,0,0,0,-0.236040235399173,0,0,0,0,0,0,0.334031321586997,0,0,0,0,-0.308601669704005,0,0,0,0,0,0,0,0.535168083345494,0,0,0,0,0,0,0.219820652682819,0,0,0,0,-0.507649080886864,0,0,0,0,0,0,0,-0.57718406621004,0,0,0,0,0,0,-0.311105067461946,0,0,0,0,0.326348888977501,0,0,0,0,0,0,0,0.220799636901406,0,0,0,0,0,0,0.244179022132046,0,0,0,0,-0.277669921682817,0,0,0,0,0,0,0,0.227390577979631,0,0,0,0,0,0,0.358027596771277,0,0,0,0,0.298527490395142,0,0,0,0,0,0,0,-0.120414739312403,0,0,0,0,0,0,-0.304832372559001,0,0,0,0,0.330864625856618,0,0,0,0,0,0,0,0.448158732334036,0,0,0,0,0,0,0.27823524845354,0,0,0,0,0.39146614887309,0,0,0,0,0,0,0,0.490028189623458,0,0,0,0,0,0,0.458982210908235,0,0,0,0,0.36680249371701,0,0,0,0,0,0,0,0.527375077616852,0,0,0,0,0,0,0.312650236385865,0,0,0,0,-0.28586756775741,0,0,0,0,0,0,0,-0.420794382458673,0,0,0,0,0,0,-0.357224478915323,0,0,0,0,-0.339637980689295,0,0,0,0,0,0,0,0.261911487585401,0,0,0,0,0,0,-0.354923036040744,0,0,0,0,-0.237254141149607,0,0,0,0,0,0,0,-0.103058975157104,0,0,0,0,0,0,-0.336802125268362,0,0,0,0,-0.395566636023517,0,0,0,0,0,0,0,0.1098002874292,0,0,0,0,0,0,0.257085272749729,0,0,0,0,0.275001540199724,0,0,0,0,0,0,0,0.397895960483604,0,0,0,0,0,0,0.398662551507865,0,0,0,0,-0.383471482337069,0,0,0,0,0,0,0,-0.469430499013897,0,0,0,0,0,0,0.480931584695519,0,0,0,0,-0.334618910057,0,0,0,0,0,0,0,0.32957305239479,0,0,0,0,0,0,-0.180195593274544,0,0,0,0,0.315829391871061,0,0,0,0,0,0,0,0.273059597477227,0,0,0,0,0,0,0.232604876549348,0,0,0,0,-0.299117970276094,0,0,0,0,0,0,0,-0.431054190922119,0,0,0,0,0,0,0.390488042873248,0,0,0,0,0.328861210045487,0,0,0,0,0,0,0,0,0,0,0,0,0,0,-0.309048222023492,0,0,0,0,0.388646328976494,0,0,0,0,0,0,0,0,0,0,0,0,0,0,0.261592360523485,0,0,0,0,0.266903741012628,0,0,0,0,0,0,0,0.207776046360654,0,0,0,0,0,0,-0.230786679057157,0,0,0,0,-0.208148992676498,0,0,0,0,0,0,0,0.17186326627818,0,0,0,0,0,0,0.296076855055903,0,0,0,0,-0.261836591400606,0,0,0,0,0,0,0,0.117589633502827,0,0,0,0,0,0,0.357074076885396,0,0,0,0,0.379594610284316,0,0,0,0,0,0,0,0,0,0,0,0,0,0,-0.253232942600512,0,0,0,0,-0.326400477741814,0,0,0,0,0,0,0,0.409489590882037,0,0,0,0,0,0,-0.124402295902998,0,0,0,0,-0.393369642604876,0,0,0,0,0,0,0,-0.0343737878875656,0,0,0,0,0,0,0.282042971568899,0,0,0,0,0.346959130410686,0,0,0,0,0,0,0,-0.474923733336813,0,0,0,0,0,0,-0.287782638083084,0,0,0,0,-0.2959658312204,0,0,0,0,0,0,0,0.593563810571484,0,0,0,0,0,0,-0.314405632876894,0,0,0,0,-0.380620324875819,0,0,0,0,0,0,0,-0.246438832307695,0,0,0,0,0,0,-0.33885432521272,0,0,0,0,0.380894102719502,0,0,0,0,0,0,0,0.577896929527868,0,0,0,0,0,0,0.305316268291683,0,0,0,0,0.382523916290351,0,0,0,0,0,0,0,0.219237552636508,0,0,0,0,0,0,-0.262936304062977,0,0,0,0,0.299403941005507,0,0,0,0,0,0,0,0,0,0,0,0,0,0,0.312998011745279,0,0,0,0,-0.34932470916094,0,0,0,0,0,0,0,-0.0829621158137079,0,0,0,0,0,0,-0.252214350670604,0,0,0,0,0.326568781854319,0,0,0,0,0,0,0,0.495974341963853,0,0,0,0,0,0,0.353638438065703,0,0,0,0,-0.381583888764666,0,0,0,0,0,0,0,-0.0423711364251077,0,0,0,0,0,0,-0.295947230268075,0,0,0,0,-0.321449888175772,0,0,0,0,0,0,0,0,0,0,0,0,0,0,0.268301723163206,0,0,0,0,0.327937832103618,0,0,0,0,0,0,0,-0.270848867008557,0,0,0,0,0,0,0.356339016108889,0,0,0,0,-0.307450918749811,0,0,0,0,0,0,0,0.431405315740925,0,0,0,0,0,0,0.366321413018989,0,0,0,0,-0.402946922064656,0,0,0,0,0,0,0,0,0,0,0,0,0,0,-0.286685637617117,0,0,0,0,-0.211632829309784,0,0,0,0,0,0,0,0.122534398733716,0,0,0,0,0,0,-0.322034198021918,0,0,0,0,-0.331059615617896,0,0,0,0,0,0,0,-0.532630290585183,0,0,0,0,0,0,-0.277695044753452,0,0,0,0,0.367743106355305,0,0,0,0,0,0,0,0,0,0,0,0,0,0,0.290146959885345,0,0,0,0,0.340460929378801,0,0,0,0,0,0,0,-0.565790925777935,0,0,0,0,0,0,0.307290453856914,0,0,0,0,0.368111421409286,0,0,0,0,0,0,0,-0.510654063245346,0,0,0,0,0,0,-0.306506984387889,0,0,0,0,0.307638567036617,0,0,0,0,0,0,0,-0.238244080591002,0,0,0,0,0,0,0.250142917790135,0,0,0,0,-0.284462162267538,0,0,0,0,0,0,0,0.142498364690752,0,0,0,0,0,0,0.451447883617386,0,0,0,0,-0.313318623891377,0,0,0,0,0,0,0,0.0815321822274741,0,0,0,0,0,0,0.250529033881825,0,0,0,0,0.387370623381298,0,0,0,0,0,0,0,-0.475590847278324,0,0,0,0,0,0,0.357475104202836,0,0,0,0,0.229888297951752,0,0
"7",0,0,0.273737336944879,0,0,0,-0.0697178422867145,0,0,0,0,0,0,0,0,0,-0.387898098375701,0,0,0,0,0,-0.334972076707275,0,0,0,0.429256534224783,0,0,0,0,0,0,0,0,0,0.336969759079068,0,0,0,0,0,-0.259978609707491,0,0,0,-0.256775917419775,0,0,0,0,0,0,0,0,0,0.198055914486225,0,0,0,0,0,0.353457991656856,0,0,0,0.508420110493029,0,0,0,0,0,0,0,0,0,-0.320068407623056,0,0,0,0,0,0.309015957088212,0,0,0,-0.33806428899396,0,0,0,0,0,0,0,0,0,-0.368605496810602,0,0,0,0,0,-0.139924577671418,0,0,0,0.256117572931182,0,0,0,0,0,0,0,0,0,0.348462653251688,0,0,0,0,0,-0.222292331971932,0,0,0,0.0580021858938178,0,0,0,0,0,0,0,0,0,0.471106915177839,0,0,0,0,0,-0.330801720531511,0,0,0,0.337982424124093,0,0,0,0,0,0,0,0,0,-0.2515282228453,0,0,0,0,0,-0.283444237626284,0,0,0,0.0660390816262943,0,0,0,0,0,0,0,0,0,0.278743623268817,0,0,0,0,0,-0.211782542057542,0,0,0,0.0894423011774938,0,0,0,0,0,0,0,0,0,0.271942038477469,0,0,0,0,0,0.169624899230051,0,0,0,-0.103114037766836,0,0,0,0,0,0,0,0,0,0.218369882693356,0,0,0,0,0,0.377440542612208,0,0,0,0.323396955908904,0,0,0,0,0,0,0,0,0,0.218436577595834,0,0,0,0,0,-0.239037264295178,0,0,0,0.190888449297411,0,0,0,0,0,0,0,0,0,-0.243193670435087,0,0,0,0,0,-0.363466103265636,0,0,0,-0.0993006908694499,0,0,0,0,0,0,0,0,0,0.210967993756018,0,0,0,0,0,0.248616109199138,0,0,0,-0.508855332332449,0,0,0,0,0,0,0,0,0,-0.266616586090864,0,0,0,0,0,-0.243199981208501,0,0,0,-0.544299284494184,0,0,0,0,0,0,0,0,0,0.264877315207168,0,0,0,0,0,-0.234662729569122,0,0,0,-0.49030814799909,0,0,0,0,0,0,0,0,0,-0.319927974013018,0,0,0,0,0,0.328201533228219,0,0,0,-0.45988070475893,0,0,0,0,0,0,0,0,0,-0.349736409364199,0,0,0,0,0,-0.324050832731465,0,0,0,0.216646309050354,0,0,0,0,0,0,0,0,0,-0.295435868220371,0,0,0,0,0,0.286070282563899,0,0,0,0.286646849479362,0,0,0,0,0,0,0,0,0,-0.309817352295081,0,0,0,0,0,0.239077664653693,0,0,0,-0.13601354762812,0,0,0,0,0,0,0,0,0,-0.304431787041545,0,0,0,0,0,-0.30379468298781,0,0,0,0.0224487107352376,0,0,0,0,0,0,0,0,0,-0.212908870417916,0,0,0,0,0,0.354331619878811,0,0,0,-0.144495444305408,0,0,0,0,0,0,0,0,0,-0.333163043028121,0,0,0,0,0,-0.310851472014355,0,0,0,-0.277595156145674,0,0,0,0,0,0,0,-0.0570665624903828,0,0.190808174973329,0,0,0,0,0,-0.188758737576596,0,0,0,-0.162732491802075,0,0,0,0,0,0,0,0,0,-0.234236385609526,0,0,0,0,0,0.361939324409061,0,0,0,0.148183750589195,0,0,0,0,0,0,0,0,0,-0.219941530180277,0,0,0,0,0,0.266923462035187,0,0,0,-0.256066258629411,0,0,0,0,0,0,0,0,0,-0.275155474285342,0,0,0,0,0,-0.486123898195048,0,0,0,0.216838482678221,0,0,0,0,0,0,0,0,0,0.181697219075311,0,0,0,0,0,0.34904915798558,0,0,0,-0.222268951105877,0,0,0,0,0,0,0,0,0,0.149711096912586,0,0,0,0,0,-0.285299009933579,0,0,0,-0.151142596263581,0,0,0,0,0,0,0,0,0,-0.166143619538398,0,0,0,0,0,0.320380981106166,0,0,0,-0.393826035205296,0,0,0,0,0,0,0,0,0,0.236421852554481,0,0,0,0,0,0.244987494763461,0,0,0,-0.235632851113537,0,0,0,0,0,0,0,0,0,0.337936835741795,0,0,0,0,0,-0.24304697393185,0,0,0,-0.371985825546224,0,0,0,0,0,0,0,0,0,-0.335415905324463,0,0,0,0,0,0.193543333154904,0,0,0,0.266952425651569,0,0,0,0,0,0,0,0,0,0.271103870061581,0,0,0,0,0,-0.35052247703004,0,0,0,-0.460913979980731,0,0,0,0,0,0,0,0,0,0.260940711310453,0,0,0,0,0,-0.27982441694763,0,0,0,-0.340660360268288,0,0,0,0,0,0,0,0,0,0.371500400524319,0,0,0,0,0,-0.252722405866469,0,0,0,0.212280912512246,0,0,0,0,0,0,0,0,0,0.264005865135716,0,0,0,0,0,0.175403602427791,0,0,0,0.177152912570458,0,0,0,0,0,0,0,0,0,-0.223198445547521,0,0,0,0,0,-0.33679415572733,0,0,0,-0.162322040105873,0,0,0,0,0,0,0,0,0,0.272183818726746,0,0,0,0,0,0.244795810533776,0,0,0,0.161386831004185,0,0,0,0,0,0,0,0,0,0.193540385886611,0,0,0,0,0,0.375099694358883,0,0,0,0.423932789751202,0,0,0,0,0,0,0,0,0,-0.25575326602842,0,0,0,0,0,0.296327939228665,0,0,0,0.573538062819346,0,0,0,0,0,0,0,0,0,0.371786332106579,0,0,0,0,0,0.221368867602734,0,0,0,0.242342758760504,0,0,0,0,0,0,0,0,0,0.252588083264832,0,0,0,0,0,0.261153670328202,0,0,0,0.136803269181244,0,0,0,0,0,0,0,0,0,0.309857587241125,0,0,0,0,0,-0.334476957021683,0,0,0,-0.115021607824056,0,0,0,0,0,0,0,0.0506423470030243,0,-0.445008570407315,0,0,0,0,0,-0.283278026598855,0,0,0,-0.345660252563496,0,0,0,0,0,0,0,0,0,0.228964053282609,0,0,0,0,0,-0.382426321256795,0,0,0,-0.34640972547369,0,0,0,0,0,0,0,0,0,-0.265559521535515,0,0,0,0,0,-0.268569890131616,0,0,0,0,0,0,0,0,0,0,0,0,0,-0.380998209095922,0,0,0,0,0,-0.258434474716911,0,0,0,-0.142637382965317,0,0,0,0,0,0,0,0,0,-0.318655558859691,0,0,0,0,0,0.193786700467675,0,0,0,-0.323058814622834,0,0,0,0,0,0,0,0,0,0.292357758030482,0,0,0
"8",0,0,0,0,0,0,0,0.242597439572445,0,0,0,0,0,0,0,0.124105251676312,0,0,0,0,0,0,0,0,0,0,0,0.0494981073838888,0,0,0,0,0,0,0,0.223020329044779,0,0,0,0,0,0,0,0,0,0,0,0.361255315505297,0,0,0,0,0,0,0,0.35402941235466,0,0,0,0,0,0,0,0,0,0,0,-0.39609796191062,0,0,0,0,0,0,0,-0.23867850955212,0,0,0,0,0,0,0,0,0,0,0,0.123221318934652,0,0,0,0,0,0,0,0.287871434685903,0,0,0,0,0,0,0,0,0,0,0,0.0263203225166755,0,0,0,0,0,0,0,0.252332700469977,0,0,0,0,0,0,0,0,0,0,0,-0.383425445398246,0,0,0,0,0,0,0,-0.251078231176225,0,0,0,0,0,0,0,0,0,0,0,-0.495271477461817,0,0,0,0,0,0,0,0.332514059919242,0,0,0,0,0,0,0,0,0,0,0,-0.160609417289622,0,0,0,0,0,0,0,0.255788485460445,0,0,0,0,0,0,0,0,0,0,0,0,0,0,0,0,0,0,0,-0.190994583529941,0,0,0,0,0,0,0,0,0,0,0,0.16526866759239,0,0,0,0,0,0,0,-0.137653154103915,0,0,0,0,0,0,0,0,0,0,0,0.319869032743222,0,0,0,0,0,0,0,0.258339221525775,0,0,0,0,0,0,0,0,0,0,0,0.511815176293872,0,0,0,0,0,0,0,-0.217602366126885,0,0,0,0,0,0,0,0,0,0,0,-0.489248835440248,0,0,0,0,0,0,0,-0.295808977151446,0,0,0,0,0,0,0,0,0,0,0,0.314588053990928,0,0,0,0,0,0,0,-0.287055791191439,0,0,0,0,0,0,0,0,0,0,0,-0.310528000696389,0,0,0,0,0,0,0,-0.20144527756769,0,0,0,0,0,0,0,0,0,0,0,-0.194172536203576,0,0,0,0,0,0,0,-0.21784651617786,0,0,0,0,0,0,0,0,0,0,0,-0.220874580459895,0,0,0,0,0,0,0,0.242996042229047,0,0,0,0,0,0,0,0,0,0,0,0.233279084476822,0,0,0,0,0,0,0,-0.2660434462157,0,0,0,0,0,0,0,0,0,0,0,-0.361631382688635,0,0,0,0,0,0,0,-0.313164981622877,0,0,0,0,0,0,0,0,0,0,0,0.257400574312947,0,0,0,0,0,0,0,0.240636603915219,0,0,0,0,0,0,0,0,0,0,0,0.423780029397735,0,0,0,0,0,0,0,-0.315438463556108,0,0,0,0,0,0,0,0,0,0,0,-0.487376778877648,0,0,0,0,0,0,0,0.270199939554455,0,0,0,0,0,0,0,0,0,0,0,0.268639022679164,0,0,0,0,0,0,0,0.277175232217629,0,0,0,0,0,0,0,0,0,0,0,-0.143136105884055,0,0,0,0,0,0,0,-0.298603465026686,0,0,0,0,0,0,0,0,0,0,0,0.392588607260513,0,0,0,0,0,0,0,0.218813237379916,0,0,0,0,0,0,0,0,0,0,0,0.355818517733675,0,0,0,0,0,0,0,-0.300012461585854,0,0,0,0,0,0,0,0,0,0,0,0.0922800631109947,0,0,0,0,0,0,0,-0.29721819488422,0,0,0,0,0,0,0,0,0,0,0,0.257792323743825,0,0,0,0,0,0,0,-0.308830905173783,0,0,0,0,0,0,0,0,0,0,0,-0.263868967667142,0,0,0,0,0,0,0,-0.318669174630306,0,0,0,0,0,0,0,0,0,0,0,0.0547807986621521,0,0,0,0,0,0,0,0.219153556792546,0,0,0,0,0,0,0,0,0,0,0,0.512106582166296,0,0,0,0,0,0,0,-0.248822002332453,0,0,0,0,0,0,0,0,0,0,0,-0.396676878704315,0,0,0,0,0,0,0,-0.277625551061837,0,0,0,0,0,0,0,0,0,0.0571805364602728,0,-0.100746040138723,0,0,0,0,0,0,0,-0.247947795905612,0,0,0,0,0,0,0,0,0,0,0,-0.0860578172669394,0,0,0,0,0,0,0,-0.285725216576413,0,0,0,0,0,0,0,0,0,0,0,-0.168118948136697,0,0,0,0,0,0,0,-0.229971531102584,0,0,0,0,0,0,0,0,0,0,0,-0.421642431257873,0,0,0,0,0,0,0,0.286052756788106,0,0,0,0,0,0,0,0,0,0,0,0,0,0,0,0,0,0,0,0.283451989511573,0,0,0,0,0,0,0,0,0,0,0,0.404600117129496,0,0,0,0,0,0,0,-0.391669389070739,0,0,0,0,0,0,0,0,0,0,0,-0.277036032768216,0,0,0,0,0,0,0,0.341779954317219,0,0,0,0,0,0,0,0,0,0.0479201879353676,0,-0.378070067868078,0,0,0,0,0,0,0,0.287291732129585,0,0,0,0,0,0,0,0,0,0,0,-0.469425599190528,0,0,0,0,0,0,0,0.172299875822421,0,0,0,0,0,0,0,0,0,-0.0378105132709766,0,-0.242267448872337,0,0,0,0,0,0,0,0.319407058600257,0,0,0,0,0,0,0,0,0,0,0,-0.347631649086915,0,0,0,0,0,0,0,0.30333878050561,0,0,0,0,0,0,0,0,0,0,0,0.16114629757109,0,0,0,0,0,0,0,-0.317961177278945,0,0,0,0,0,0,0,0,0,0,0,0.476566370320786,0,0,0,0,0,0,0,-0.299071174584732,0,0,0,0,0,0,0,0,0,0,0,-0.112463247348031,0,0,0,0,0,0,0,0.273247364793868,0,0,0,0,0,0,0,0,0,0,0,-0.128384825386907,0,0,0,0,0,0,0,-0.228267128006633,0,0,0,0,0,0,0,0,0,0,0,0.0327000636030908,0,0,0,0,0,0,0,-0.255247700771029,0,0,0,0,0,0,0,0,0,0,0,-0.318516754495404,0,0,0,0,0,0,0,0.265634335231643,0,0,0,0
"9",0,0,0,0,-0.397371235106738,0,0,0,-0.413266735790394,0,0,0,0.341073214292408,0,0,0,0,0,0,0,0,0,0,0,0.197786405990255,0,0,0,0,0,0,0,-0.384607465499906,0,0,0,0,0,0,0,0,0,0,0,-0.184747064141351,0,0,0,-0.0993629129468515,0,0,0,0.316361963987075,0,0,0,0,0,0,0,0,0,0,0,-0.242179848386417,0,0,0,0.176511554763119,0,0,0,0.265098475516742,0,0,0,0,0,0,0,0,0,0,0,0.253955718783967,0,0,0,0.246413064583205,0,0,0,-0.256867741932966,0,0,0,0,0,0,0,0,0,0,0,0.197845262101871,0,0,0,-0.119932692680333,0,0,0,-0.199291878876082,0,0,0,0,0,0,0,0,0,0,0,0.262846650432767,0,0,0,-0.132711466419723,0,0,0,0.138211949711015,0,0,0,0,0,0,0,0,0,0,0,-0.21571802604435,0,0,0,0,0,0,0,0.410891972727406,0,0,0,0,0,0,0,0,0,0,0,-0.183557335760734,0,0,0,-0.447828071454511,0,0,0,-0.234579130905624,0,0,0,0,0,0,0,0,0,0,0,-0.198673372203676,0,0,0,0.498966450158442,0,0,0,-0.180143708926695,0,0,0,0,0,0,0,0,0,0,0,0.286130379800952,0,0,0,0.483727262513361,0,0,0,0.296809628843839,0,0,0,0,0,0,0,0,0,0,0,-0.209451801986923,0,0,0,0.302375506745714,0,0,0,-0.282391642370906,0,0,0,0,0,0,0,0,0,0,0,0.345901560535852,0,0,0.0353129475956057,0.536646268519332,0,0,0,-0.369033304557493,0,0,0,0,0,0,0,0,0,0,0,-0.204026326684614,0,0,0,0.354930057358745,0,0,0,0.248920723946128,0,0,0,0,0,0,0,0,0,0,0,-0.192632627545624,0,0,0,0.247812766822588,0,0,0,0.104234283020063,0,0,0,0,0,0,0,0,0,0,0,0.276028766198605,0,0,0,-0.0617701837656217,0,0,0,-0.297835900809509,0,0,0,0,0,0,0,0,0,0,0,-0.290005398205372,0,0,0,-0.243345696632881,0,0,0,0.318839716944362,0,0,0,0,0,0,0,0,0,0,0,0.14616307020018,0,0,0,-0.0422777808644093,0,0,0,0.396209047742288,0,0,0,0,0,0,0,0,0,0,0,0.185680668123916,0,0,0,-0.448650773686788,0,0,0,0.295832804553682,0,0,0,0,0,0,0,0,0,0,0,0.133346496748893,0,0,0,0.244852519828401,0,0,0,-0.101723776184916,0,0,0,0,0,0,0,0,0,0,0,-0.312583447611804,0,0,0,0.531670506608756,0,0,0,0.30477341556833,0,0,0,0,0,0,0,0,0,0,0,0.260510893600984,0,0,0,-0.110963188958097,0,0,0,0.228295239686677,0,0,0,0,0,0,0,0,0,0,0,-0.241627091825606,0,0,0,0.338080264898795,0,0,0,-0.192546880707144,0,0,0,0,0,0,0,0,0,0,0,0.291242796267792,0,0,0,-0.362517485223296,0,0,0,0.275249057394559,0,0,0,0,0,0,0,0,0,0,0,-0.273700736709987,0,0,0,-0.388545706700884,0,0,0,0.270048955993576,0,0,0,0,0,0,0,0,0,0,0,-0.305860643508913,0,0,0,-0.463949526347593,0,0,0,0.283198006924185,0,0,0,0,0,0,0,0,0,0,0,0.301282202885035,0,0,0,0.407622787222833,0,0,0,-0.324311457929315,0,0,0,0,0,0,0,0,0,0,0,0.254630383398673,0,0,0,-0.323466824759102,0,0,0,-0.338559756520379,0,0,0,0,0,0,0,0,0,0,0,0.202171251552261,0,0,0,0.043571421280097,0,0,0,-0.259072819867598,0,0,0,0,0,0,0,0,0,0,0,-0.293957561491987,0,0,0,0.318807482480028,0,0,0,0.315426119848835,0,0,0,0,0,0,0,0,0,0,0,-0.324927884539566,0,0,0,0.413600958209768,0,0,0,-0.238326982755469,0,0,0,0,0,0,0,0,0,0,0,-0.23566564977658,0,0,0,0.391006025265401,0,0,0,0.214554413398722,0,0,0,0,0,0,0,0,0,0,0,-0.317327901195721,0,0,0,-0.252067147176984,0,0,0,-0.311753940952308,0,0,0,0,0,0,0,0,0,0,0,0.329296139822344,0,0,0,-0.539038144189365,0,0,0,0.198439945701408,0,0,0,0,0,0,0,0,0,0,0,0.299107699563604,0,0,0,-0.415131166960714,0,0,0,-0.328675787773118,0,0,0,0,0,0,0,0,0,0,0,-0.312331779609715,0,0,0,0.381899801953509,0,0,0,0.299323973093494,0,0,0,0,0,0,0,0,0,0,0,0.33440599811375,0,0,0,0.503925383383645,0,0,0,0.275938224113964,0,0,0,0,0,0,0,0,0,0,0,0.272025137363254,0,0,0,0.46969088936966,0,0,0,0.326146114150699,0,0,0,0,0,0,0,0,0,0,0,0.270528014743288,0,0,0,-0.325542271560156,0,0,0,-0.297925959657112,0,0,0,0,0,0,0,0,0,0,0,-0.140359944277579,0,0,0,-0.259011969766228,0,0,0,0.249604269017837,0,0,0,0,0,0,0,0,0,0,0,0.322116866228067,0,0,0,0.208037235632454,0,0,0,0.273432636650024,0,0,0,0,0,0,0,0,0,0,0,-0.276134753729084,0,0,0,0.184415961519845,0,0,0,-0.294235668360968,0,0,0,0,0,0,0,0,0,0,0,0.336094324441429,0,0,0,0.321374430517315,0,0,0,0.297616878020838,0,0,0,0,0,0,0,0,0,0,0,-0.264230269945325,0,0,0,-0.359668871669501,0,0,0,-0.219999964678059,0,0,0,0,0,0,0,0,0,0,0,0.318767555680074,0,0,-0.0217905579369177,0.235379529320944,0,0,0,0.309230336525416,0,0,0,0,0,0,0,0,0,0,0,0.198099372804378,0,0,0,0.530753414536077,0,0,0,0.242973060721517,0,0,0,0,0,0,0,0,0,0,0,-0.16459292748566,0,0,0,-0.203688791795022,0,0,0,0.263549029076608,0,0,0,0,0,0,0,0,0,0,0,0.236623601402862,0,0,0,-0.361796603644066,0,0,0,0.208297910687709,0,0,0,0,0,0,0,0,0,0,0,-0.330476444008548,0,0,0,-0.160434607933789,0,0,0,-0.268840057757398,0,0,0,0,0,0,0,0,0,0,0,0.380341400748382,0,0,0.0569752354245545,-0.372109575042367,0,0,0,0.383585557388895,0,0,0,0,0,0,0
"10",-0.38154232757069,0,0,0,0,0,0,0,0,-0.461891995234093,0,0,0,0,0,0,0,0,0,0,0.249924228861954,0,0,0,0,0,0,0,0,0.0767209419501342,0,0,0,0,0,0,0,0,0,0,0.301058826799119,0,0,0,0,0,0,0,0,-0.392577860942465,0,0,0,0,0,0,0,0,0,0,0.360577231884246,0,0,0,0,0,0,0,0,-0.0596929435772715,0,0,0,0,0,0,0,0,0,0,-0.335471807825359,0,0,0,0,0,0,0,0,-0.628670871708989,0,0,0,0,0,0,0,0,0,0,0.233912845861454,0,0,0,0,0,0,0,0,0.503531042712102,0,0,0,0,0,0,0,0,0,0,-0.420573965056061,0,0,0,0,0,0,0,0,0.343462069140305,0,0,0,0,0,0,0,0,0,0,-0.280011800723299,0,0,0,0,0,0,0,0,0.0795072724563422,0,0,0,0,0,0,0,0,0,0,0.334848036549372,0,0,0,0,0,0,0,0,-0.506500408030535,0,0,0,0,0,0,0,0,0,0,-0.361842642349844,0,0,0,0,0,0,0,0,0.487101428587943,0,0,0,0,0,0,0,0,0,0,-0.361239454146138,0,0,0,0,0,0,0,0,-0.423048270334392,0,0,0,0,0,0,0,0,0,0,0.320653083206502,0,0,0,0,0,0,0,0,0.427977782137658,0,0,0,0,0,0,0,0,0,0,-0.341399398311481,0,0,0,0,0,0,0,0,-0.458132595165573,0,0,0,0,0,0,0,0,0,0,0.287401636473282,-0.0201899326142179,0,0,0,0,0,0,0,0.0920729973162259,0,0,0,0,0,0,0,0,0,0,-0.300437532553488,0,0,0,0,0,0,0,0,-0.451510071445357,0,0,0,0,0,0,0,0,0,0,-0.346493672127057,-0.0211579727508572,0,0,0,0,0,0,0,-0.627165343556651,0,0,0,0,0,0,0,0,0,0,0.366660477561307,0,0,0,0,0,0,0,0,0.21388183672064,0,0,0,0,0,0,0,0,0,0,0.367146549145679,0,0,0,0,0,0,0,0,0.219249856342508,0,0,0,0,0,0,0,0,0,0,0.282156235891233,0,0,0,0,0,0,0,0,0.16972183584203,0,0,0,0,0,0,0,0,0,0,0.342725911038072,0,0,0,0,0,0,0,0,0.416489192269285,0,0,0,0,0,0,0,0,0,0,-0.21623260573705,-0.0512506751549491,0,0,0,0,0,0,0,-0.427181670919615,0,0,0,0,0,0,0,0,0,0,0.393893558540272,0,0,0,0,0,0,0,0,0.466953287320371,0,0,0,0,0,0,0,0,0,0,-0.273791170407243,0,0,0,0,0,0,0,0,-0.301572391320618,0,0,0,0,0,0,0,0,0,0,-0.317055865359523,-0.0615554742355079,0,0,0,0,0,0,0,0.199957358801047,0,0,0,0,0,0,0,0,0,0,-0.420487343730003,0,0,0,0,0,0,0,0,-0.474830245802936,0,0,0,0,0,0,0,0,0,0,-0.354860901791104,0,0,0,0,0,0,0,0,-0.371083327447979,0,0,0,0,0,0,0,0,0,0,-0.315338219736863,0,0,0,0,0,0,0,0,0.0445654036926971,0,0,0,0,0,0,0,0,0,0,0.259908229733918,0,0,0,0,0,0,0,0,0.183472041055114,0,0,0,0,0,0,0,0,0,0,-0.317758483417795,0,0,0,0,0,0,0,0,-0.122939610135739,0,0,0,0,0,0,0,0,0,0,0.317740033108629,0,0,0,0,0,0,0,0,-0.10397635980894,0,0,0,0,0,0,0,0,0,0,-0.296374621352739,0,0,0,0,0,0,0,0,0.394945508910032,0,0,0,0,0,0,0,0,0,0,-0.311241772358147,0,0,0,0,0,0,0,0,0.543974180427513,0,0,0,0,0,0,0,0,0,0,-0.244136797732252,0,0,0,0,0,0,0,0,0.216640349061052,0,0,0,0,0,0,0,0,0,0,-0.33310788187787,0,0,0,0,0,0,0,0,-0.244693261677504,0,0,0,0,0,0,0,0,0,0,-0.299998458920756,0,0,0,0,0,0,0,0,0.0961590384118592,0,0,0,0,0,0,0,0,0,0,-0.35126048419443,0,0,0,0,0,0,0,0,0.340417017281305,0,0,0,0,0,0,0,0,0,0,-0.322616850843067,0,0,0,0,0,0,0,0,-0.0280430412246243,0,0,0,0,0,0,0,0,0,0,-0.268629800058084,0,0,0,0,0,0,0,0,-0.590929155622856,0,0,0,0,0,0,0,0,0,0,0.270659677291152,0,0,0,0,0,0,0,0,-0.415235136729173,0,0,0,0,0,0,0,0,0,0,0.322467171602743,-0.0235163610546713,0,0,0,0,0,0,0,-0.493159132732627,0,0,0,0,0,0,0,0,0,0,-0.482256772596339,0,0,0,0,0,0,0,0,-0.385559485857249,0,0,0,0,0,0,0,0,0,0,0.383405611593452,0.0228549685707184,0,0,0,0,0,0,0,-0.104671361504674,0,0,0,0,0,0,0,0,0,0,-0.27728541484589,0,0,0,0,0,0,0,0,0.0280271375686908,0,0,0,0,0,0,0,0,0,0,0.270540349130308,0,0,0,0,0,0,0,0,-0.583888619714977,0,0,0,0,0,0,0,0,0,0,0.401624907971781,0,0,0,0,0,0,0,0,-0.574571603798487,0,0,0,0,0,0,0,0,0,0,-0.245924195231181,0,0,0,0,0,0,0,0,-0.467726062075915,0,0,0,0,0,0,0,0,0,0,-0.36262099264828,-0.0720375043838247,0,0,0,0,0,0,0,-0.28111813260048,0,0,0,0,0,0,0,0,0,0,0.255388335881654,0,0,0,0,0,0,0,0,-0.313160747221053,0,0,0,0,0,0,0,0,0,0,0.280858867175982,0,0,0,0,0,0,0,0,0.619502901874683,0,0,0,0,0,0,0,0,0,0,0.237037618146262,0,0,0,0,0,0,0,0,0.492817509358068,0,0,0,0,0,0,0,0,0,0
"11",0,-0.403826130831206,0,0,0,0,0,0,0,0,0.101721088250774,0,0,0,0,-0.236308675826652,0,0,0,0,0,-0.277033773382029,0,0,0,0,0,0,0,0,0.327704196756826,0,0,0,0,-0.232833458059105,0,0,0,0,0,0.381313592726642,0,0,0,0,0,0,0,0,-0.587772645214716,0,0,0,0,0.312146380145205,0,0,0,0,0,0.311169707759193,0,0,0,0,0,0,0,0,-0.556502675619456,0,0,0,0,0.276283623508063,0,0,0,0,0,-0.25947053431582,0,0,0,0,0,0,0,0,-0.399280549422479,0,0,0,0,0.327072991031928,0,0,0,0,0,0.436829613295602,0,0,0,0,0,0,0,0,-0.336778511839217,0,0,0,0,0.336998781315969,0,0,0,0,0,-0.373325765679023,0,0,0,0,0,0,0,0,0.422082184396739,0,0,0,0,0.151064961114212,0,0,0,0,0,-0.291744865161848,0,0,0,0,0,0,0,0,0.393216369729258,0,0,0,0,0.288669911480555,0,0,0,0,0,0.28556164307774,0,0,0,0,0,0,0,0,-0.300666274028742,0,0,0,0,0.312823806851959,0,0,0,0,0,0.335634830275368,0,0,0,0,0,0,0,0,0.336814755036687,0,0,0,0,-0.276775635099815,0,0,0,0,0,-0.283303380341764,0,0,0,0,0,0,0,0,-0.332549063912801,0,0,0,0,-0.215427709911504,0,0,0,0,0,-0.357589997439286,0,0,0,0,0,0,0,0,-0.0808127314800468,0,0,0,0,-0.333620862503991,0,0,0,0,0,0.364355775597977,0,0,0,0,0,0,0,0,-0.411176027345782,0,0,0,0,-0.219323727270344,0,0,0,0,0,-0.31889055300425,0,0,0,0,0,0,0,0,0.273563538995341,0,0,0,0,0.34948779162368,0,0,0,0,0,-0.249402772684449,0,0,0,0,0,0,0,0,0.545755532806666,0,0,0,0,0.267919596873654,0,0,0,0,0,-0.314503852524088,0,0,0,0,0,0,0,0,0.0474237514303125,0,0,0,0,0.308837595567594,0,0,0,0,0,0.276810455940079,0,0,0,0,0,0,0,0,0.534403713702934,0,0,0,0,0.344133992537791,0,0,0,0,0,0.443716153054913,0,0,0,0,0,0,0,0,0.184412509940837,0,0,0,0,-0.142931435673233,0,0,-0.0255955835527074,0,0,-0.360158169363007,0,0,0,0,0,0,0,0,0,0,0,0,0,-0.325536070060057,0,0,0,0,0,-0.293560607043386,0,0,0,0,0,0,0,0,0.334609751148251,0,0,0,0,-0.293419450573031,0,0,0,0,0,0.331188260504998,0,0,0,0,0,0,0,0,-0.0328997027627491,0,0,0,0,0.415834367935669,0,0,0,0,0,0.288822942864353,0,0,0,0,0,0,0,0,-0.417214576155134,0,0,0,0,0.25907471669693,0,0,0,0,0,-0.363575941711719,0,0,0,0,0,0,0,0,0.233641094197601,0,0,0,0,0.344647888284271,0,0,0,0,0,0.267799033654671,0,0,0,0,0,0,0,0,-0.411982664253822,0,0,0,0,0.357410764759499,0,0,0,0,0,-0.349430844342659,0,0,0,0,0,0,0,0,-0.333494860257573,0,0,0,0,-0.268265139499324,0,0,0,0,0,-0.31123535898308,0,0,0,0,0,0,0,0,-0.219686264993396,0,0,0,0,-0.393595217856405,0,0,0,0,0,-0.311092803016776,0,0,0,0,0,0,0,0,-0.472702221018506,0,0,0,0,-0.314564733537471,0,0,0,0,0,-0.302893495251776,0,0,0,0,0,0,0,0,-0.164948639450731,0,0,0,0,0.316044921185176,0,0,0,0,0,-0.399179407777873,0,0,0,0,0,0,0,0,0.136587244250724,0,0,0,0,0.282542664185017,0,0,0,0,0,0.382780433339191,0,0,0,0,0,0,0,0,-0.483379789623794,0,0,0,0,-0.183393585069527,0,0,0,0,0,-0.298697391750686,0,0,0,0,0,0,0,0,-0.171159212069412,0,0,0,0,0.294750856887408,0,0,0,0,0,0.335744125810159,0,0,0,0,0,0,0,0,0.140523650345972,0,0,0,0,0.404146963695156,0,0,0,0,0,0.342405403823521,0,0,0,0,0,0,0,0,-0.393944926618421,0,0,0,0,0.26552105095214,0,0,0,0,0,0.264940862540314,0,0,0,0,0,0,0,0,-0.186068913443811,0,0,0,0,0.477249091381161,0,0,0,0,0,0.346702808351339,0,0,0,0,0,0,0,0,-0.321422671474444,0,0,0,0,-0.335533872220178,0,0,0,0,0,-0.34105566229665,0,0,0,0,0,0,0,0,-0.119594977336574,0,0,0,0,-0.343812717732736,0,0,0,0,0,0.263067778145128,0,0,0,0,0,0,0,0,0,0,0,0,0,0.471011403780966,0,0,0,0,0,-0.209335310400387,0,0,0,0,0,0,0,0,0.217641828101258,0,0,0,0,0.297676354313352,0,0,0,0,0,0.306232537490583,0,0,0,0,0,0,0,0,0.264753870231259,0,0,0,0,-0.338310688169764,0,0,0,0,0,-0.214755659160115,0,0,0,0,0,0,0,0,-0.0978360121356312,0,0,0,0,0.109217891649673,0,0,0,0,0,0.329914593496456,0,0,0,0,0,0,0,0,0.395353947147767,0,0,0,0,0.272951839974432,0,0,0,0,0,-0.341073930035138,0,0,0,0,0,0,0,0,0.0418338034820859,0,0,0,0,-0.258926808911487,0,0,0,0,0,0.279266751919564,0,0,0,0,0,0,0,0,0.553460550452205,0,0,0,0,-0.357277078868205,0,0,0,0,0,-0.320238900790039,0,0,0,0,0,0,0,0,0.122103826824504,0,0,0,0,0.266492019945739,0,0,0,0,0,-0.367547104714825,0,0,0,0,0,0,0,0,0.200333253536497,0,0,0,0,-0.400745277497925,0,0,0,0,0,0.340189146712582,0,0,0,0,0,0,0,0,-0.464277721814572,0,0,0,0,0.191055193734758,0,0,0,0,0,0.264749277654439,0,0,0,0,0,0,0,0,0.27927562044723,0,0,0,0,0.301375731895448,0,0,0,0,0,-0.255669881899545,0,0,0,0,0,0,0,0,-0.564501621256783,0,0,0,0,-0.272958211790089,0,0,0,0,0,-0.350285988187795,0,0,0,0,0,0,0,0,0.208364855382043,0,0,0,0,0.346058316404019,0,0,0,0,0,-0.333450523839114,0,0,0,0,0,0,0,0,0,0,0,0,0,0.282360864706713,0,0,0,0
"12",0,0,0,0,0,0,0,0,0,0,0,-0.32421627500663,0,0,0,0,0,0,0,0,0,0,0,0,0,0,0,0,0,0,0,0.418080760836262,0,0,0,0,0,0,0,0,0,0,0,0,0,0,0,0,0,0,0,0.0570880771731898,0,0,0,0,0,0,0,0,0,0,0,0,0,0,0,0,0,0,0,-0.239818605887569,0,0,0,0,0,0,0,0,0,0,0,0,0,0,0,0,0,0,0,-0.367434331733148,0,0,0,0,0,0,0,0,0,0,0,0,0,0,0,0,0,0,0,-0.219897810111844,0,0,0,0,0,0,0,0,0,0,0,0,0,0,0,0,0,0,0,-0.353435799687698,0,0,0,0,0,0,0,0,0,0,0,0,0,0,0,0,0,0,0,0.507108908222747,0,0,0,0,0,0,0,0,0,0,0,0,0,0,0,0,0,0,0,-0.0318184958503453,0,0,0,0,0,0,0,0,0,0,0,0,0,0,0,0,0,0,0,0.199212274270429,0,0,0,0,0,0,0,0,0,0,0,0,0,0,0,0,0,0,0,-0.246275339942617,0,0,0,0,0,0,0,0,0,0,0,0,0,0,0,0,0,0,0,-0.153733272987059,0,0,0,0,0,0,0,0,0,0,0,0,0,0,0,0,0,0,0,0.453739491216994,0,0,0,0,0,0,0,0,0,0,0,0,0,0,0,0,0,0,0,-0.294814941980147,0,0,0,0,0,0,0,0,0,0,0,0,0,0,0,0,0,0,0,0,0,0,0,0,0,0,0,0,0,0,0,0,0,0,0,0,0,0,0,0.20982737727963,0,0,0,0,0,0,0,0,0,0,0,0,0,0,0,0,0,0,0,-0.239576238087218,0,0,0,0,0,0,0,0,0,0,0,0,0,0,0,0,0,0,0,-0.432997031818846,0,0,0,0,0,0,0,0,0,0,0,0,0,0,0,0,0,0,0,0.0363695832759822,0,0,0,0,0,0,0,0,0,0,0,0,0,0,0,0,0,0,0,0.0664876930350453,0,0,0,0,0,0,0,0,0,0,0,0,0,0,0,0,0,0,0,0.216313171998846,0,0,0,0,0,0,0,0,0,0,0,0,0,0,0,0,0,0,0,0.067938765331625,0,0,0,0,0,0,0,0,0,0,0,0,0,0,0,0,0,0,0,0.453281296819096,0,0,0,0,0,0,0,0,0,0,0,0,0,0,0,0,0,0,0,-0.198420993230668,0,0,0,0,0,0,0,0,0,0,0,0,0,0,0,0,0,0,0,-0.244805428947279,0,0,0,0,0,0,0,0,0,0,0,0,0,0,0,0,0,0,0,-0.0467349619828973,0,0,0,0,0,0,0,0,0,0,0,0,0,0,0,0,0,0,0,-0.16913981985094,0,0,0,0,0,0,0,0,0,0,0,0,0,0,0,0,0,0,0,-0.251545044545786,0,0,0,0,0,0,0,0,0,0,0,0,0,0,0,0,0,0,0,0.0651531316724293,0,0,0,0,0,0,0,0,0,0,0,0,0,0,0,0,0,0,0,-0.380254422456786,0,0,0,0,0,0,0,0,0,0,0,0,0,0,0,0,0,0,0,0.155234426780389,0,0,0,0,0,0,0,0,0,0,0,0,0,0,0,0,0,0,0,-0.385806861445034,0,0,0,0,0,0,0,0,0,0,0,0,0,0,0,0,0,0,0,0.321600908987814,0,0,0,0,0,0,0,0,0,0,0,0,0,0,0,0,0,0,0,0.124764379621307,0,0,0,0,0,0,0,0,0,0,0,0,0,0,0,0,0,0,0,0.349533308328731,0,0,0,0,0,0,0,0,0,0,0,0,0,0,0,0,0,0,0,-0.494409211571165,0,0,0,0,0,0,0,0,0,0,0,0,0,0,0,0,0,0,0,-0.104643384975244,0,0,0,0,0,0,0,0,0,0,0,0,0,0,0,0,0,0,0,-0.210334145095796,0,0,0,0,0,0,0,0,0,0,0,0,0,0,0,0,0,0,0,0.20140214675008,0,0,0,0,0,0,0,0,0,0,0,0,0,0,0,0,0,0,0,0.395689919339572,0,0,0,0,0,0,0,0,0,0,0,0,0,0,0,0,0,0,0,0,0,0,0,0,0,0,0,0,0,0,0,0,0,0,0,0,0,0,0,0.295807237555805,0,0,0,0,0,0,0,0,0,0,0,0,0,0,0,0,0,0,0,-0.488565978406302,0,0,0,0,0,0,0,0,0,0,0,0,0,0,0,0,0,0,0,0.479562808062245,0,0,0,0,0,0,0,0,0,0,0,0,0,0,0,0,0,0,0,-0.248342097331148,0,0,0,0,0,0,0,0,0,0,0,0,0,0,0,0,0,0,0,-0.139349398566271,0,0,0,0,0,0,0,0,0,0,0,0,0,0,0,0,0,0,0,-0.380289348508246,0,0,0,0,0,0,0,0,0,0,0,0,0,0,0,0,0,0,0,-0.191377520325218,0,0,0,0,0,0,0,0,0,0,0,0,0,0,0,0,0,0,0,-0.484679901209337,0,0,0,0,0,0,0,0,0,0,0,0,0,0,0,0,0,0,0,-0.22545696303607,0,0,0,0,0,0,0,0
"13",0,0,0,0,0,0,0,0,0,0,0,0,-0.225902745063566,0.267288828533516,0,0,0,0,0,0,0,0,0,0,0,0,0,0,0,0,0,0,-0.293799348061247,0.290894003798017,0,0,0,0,0,0,0,0,0,0,0,0,0,0,0,0,0,0,-0.244473930619599,-0.28448925347423,0,0,0,0,0,0,0,0,0,0,0,0,0,0,0,0,0,0,0.369297198527263,-0.411632294068277,0,0,0,0,0,0,0,0,0,0,0,0,0,0,0,0,0,0,-0.0896853189243149,0.179843684469664,0,0,0,0,0,0,0,0,0,0,0,0,0,0,0,0,0,0,-0.208796701202941,0.32307863598221,0,0,0,0,0,0,0,0,0,0,0,0,0,0,0,0,0,0,-0.206438047086976,0.417135446767408,0,0,0,0,0,0,0,0,0,0,0,0,0,0,0,0,0,0,0.229737648714921,-0.30278708424056,0,0,0,0,0,0,0,0,0,0,0,0,0,0,0,0,0,0,0.544662864214755,0.406562638881516,0,0,0,0,0,0,0,0,0,0,0,0,0,0,0,0,0,0,-0.0217876008027114,-0.255208181493934,0,0,0,0,0,0,0,0,0,0,0,0,0,0,0,0,0,0,-0.222024822502691,-0.301239655519157,0,0,0,0,0,0,0,0,0,0,0,0,0,0,0,0,0,0,0.0921506938286243,-0.355767070883651,0,0,0,0,0,0,0,0,0,0,0,0,0,0,0,0,0,0,0.0875858346244884,-0.315168316115948,0,0,0,0,0,0,0,0,0,0,0,0,0,0,0,0,0,0,0.0764667212304058,0.299369571503205,0,0,0,0,0,0,0,0,0,0,0,0,0,0,0,0,0,0,0.229088841524943,-0.296202565535789,0,0,0,0,0,0,0,0,0,0,0,0,0,0,0,0,0,0,0.306776571911226,-0.275460917607498,0,0,0,0,0,0,0,0,0,0,0,0,0,0,0,0,0,0,-0.46966680446111,0.328272336505009,0,0,0,0,0,0,0,0,0,0,0,0,0,0,0,0,0,0,-0.182522161964621,-0.283268503364993,0,0,0,0,0,0,0,0,0,0,0,0,0,0,0,0,0,0,-0.282708304892092,0.363350514069621,0,0,0,0,0,0,0,0,0,0,0,0,0,0,0,0,0,0,-0.291547900099827,0.386770197528332,0,0,0,0,0,0,0,0,0,0,0,0,0,0,0,0,0,0,0.423929304947705,0.256104249003801,0,0,0,0,0,0,-0.0663015805671352,0,0,0,0,0,0,0,0,0,0,0,0.0304764045894253,0.255529823589043,0,0,0,0,0,0,0,0,0,0,0,0,0,0,0,0,0,0,-0.0912866870054333,0.285739526238748,0,0,0,0,0,0,0,0,0,0,0,0,0,0,0,0,0,0,0.442503618919662,0.310940436279473,0,0,0,0,0,0,0,0,0,0,0,0,0,0,0,0,0,0,0.13816169645297,0.113495363495553,0,0,0,0,0,0,0,0,0,0,0,0,0,0,0,0,0,0,0.19017344907296,-0.250047652820659,0,0,0,0,0,0,0,0,0,0,0,0,0,0,0,0,0,0,-0.3234212664081,0.265964133105381,0,0,0,0,0,0,0,0,0,0,0,0,0,0,0,0,0,0,-0.234321955160051,0.250218587784449,0,0,0,0,0,0,0,0,0,0,0,0,0,0,0,0,0,0,0.44490012310204,0.412908203761196,0,0,0,0,0,0,0,0,0,0,0,0,0,0,0,0,0,0,0.355316257960417,-0.309159317946998,0,0,0,0,0,0,0,0,0,0,0,0,0,0,0,0,0,0,-0.491646300991668,0.357716294365128,0,0,0,0,0,0,0,0,0,0,0,0,0,0,0,0,0,0,-0.443645440138943,-0.228195543704708,0,0,0,0,0,0,0,0,0,0,0,0,0,0,0,0,0,0,-0.456354901679322,0.36061014048916,0,0,0,0,0,0,0,0,0,0,0,0,0,0,0,0,0,0,0.287084200428044,-0.1920009010407,0,0,0,0,0,0,0,0,0,0,0,0,0,0,0,0,0,0,-0.363550673507019,0.395181238134253,0,0,0,0,0,0,0,0,0,0,0,0,0,0,0,0,0,0,0.508635933952563,0.340970911880378,0,0,0,0,0,0,0.061580998436916,0,0,0,0,0,0,0,0,0,0,0,0.250736647510319,-0.213375286583606,0,0,0,0,0,0,-0.022839337129357,0,0,0,0,0,0,0,0,0,0,0,0.393573752275605,0.289736652220878,0,0,0,0,0,0,0,0,0,0,0,0,0,0,0,0,0,0,-0.181089269443341,0.325086382044736,0,0,0,0,0,0,0,0,0,0,0,0,0,0,0,0,0,0,0.494794065912261,-0.248655312912001,0,0,0,0,0,0,0,0,0,0,0,0,0,0,0,0,0,0,0.253228613005953,-0.27489825572551,0,0,0,0,0,0,0,0,0,0,0,0,0,0,0,0,0,0,-0.44433280939105,-0.320046825796866,0,0,0,0,0,0,0,0,0,0,0,0,0,0,0,0,0,0,-0.318702999465742,0.279769340264018,0,0,0,0,0,0,0,0,0,0,0,0,0,0,0,0,0,0,-0.341207372101851,0.346682044051232,0,0,0,0,0,0,0,0,0,0,0,0,0,0,0,0,0,0,-0.112316678877339,0.2621651389562,0,0,0,0,0,0,0,0,0,0,0,0,0,0,0,0,0,0,0.320656913260944,0.217284675210592,0,0,0,0,0,0,0,0,0,0,0,0,0,0,0,0,0,0,0,0.222923388374945,0,0,0,0,0,0,0,0,0,0,0,0,0,0,0,0,0,0,0.418950269135328,-0.307764009022868,0,0,0,0,0,0,0,0,0,0,0,0,0,0,0,0,0,0,-0.573922838112853,-0.27284738498295,0,0,0,0,0,0,0,0,0,0,0,0,0,0,0,0,0,0,0,0.340643015464417,0,0,0,0,0,0
"14",0,0,0,0,0,0,0,0.16453649792254,-0.350885863030541,0,0,0,0,-0.352478344357641,0,0,0,0,0,0,0,0.0844841467616225,0,0,0,0,0,0.338366252015605,0.294395947962993,0,0,0,0,-0.499856511109251,0,0,0,0,0,0,0,0,0,0,0,0,0,0.343100742309178,0.425288220961182,0,0,0,0,0.13421726868182,0,0,0,0,0,0,0,0,0,0,0,0,0,0.391455105447199,0.240722024273944,0,0,0,0,0.601613256319355,0,0,0,0,0,0,0,0,0,0,0,0,0,-0.246611499604948,-0.309903259276274,0,0,0,0,0.447555715394122,0,0,0,0,0,0,0,0,0,0,0,0,0,0.407528652294989,0.24129581618404,0,0,0,0,0.0380853928576526,0,0,0,0,0,0,0,0,0,0,0,0,0,0.309326918130797,0.372513246870295,0,0,0,0,0.025032718741876,0,0,0,0,0,0,0,-0.023403052195438,0,0,0,0,0,-0.291474368046505,-0.361005320283125,0,0,0,0,0.0316374291565575,0,0,0,0,0,0,0,0,0,0,0,0,0,0.229116677006825,-0.285130667458833,0,0,0,0,0.39460568467531,0,0,0,0,0,0,0,0,0,0,0,0,0,0.29955040065336,-0.312670374455235,0,0,0,0,-0.34237802301041,0,0,0,0,0,0,0,0,0,0,0,0,0,0.334905252915369,0.323377811465179,0,0,0,0,-0.113829925857863,0,0,0,0,0,0,0,0,0,0,0,0,0,-0.330909703862137,0.337239044250986,0,0,0,0,0.474433494470299,0,0,0,0,0,0,0,0,0,0,0,0,0,0.345074411064273,0.329831530004868,0,0,0,0,0.245441583114657,0,0,0,0,0,0,0,0,0,0,0,0,0,-0.349070853697036,-0.303626013883184,0,0,0,0,0.489704476517186,0,0,0,0,0,0,0,-0.0226905537607565,0,0,0,0,0,0.293244889634772,0.238223860993319,0,0,0,0,-0.487376918615957,0,0,0,0,0,0,0,0,0,0,0,0,0,0.327540873876305,-0.346683144335243,0,0,0,0,-0.0879755466594989,0,0,0,0,0,0,0,0,0,0,0,0,0,-0.240450857494852,-0.446058986877979,0,0,0,0,-0.396423714085902,0,0,0,0,0,0,0,0,0,0,0,0,0,-0.261341054846794,-0.33562157771483,0,0,0,0,-0.286411580545614,0,0,0,0,0,0,0,0,0,0,0,0,0,0.387556196335212,-0.316486064158528,0,0,0,0,0.436803370648659,0,0,0,0,0,0,0,0,0,0,0,0,0,-0.218905867706763,0.21113038629912,0,0,0,0,0.297305076942981,0,0,0,0,0,0,0,0,0,0,0,0,0,-0.339477597401316,-0.307155272531919,0,0,0,0,-0.15389497727856,0,0,0,0,0,0,0,0.0652462698407273,0,0,0,0,0,0.235152019462603,-0.326000408726705,0,0,0,0,0.0988957523731318,0,0,0,0,0,0,0,0,0,0,0,0,0,0.28263910824457,0.260278998897951,0,0,0,0,-0.472073680748668,0,0,0,0,0,0,0,0,0,0,0,0,0,-0.391289002148874,0.280960883959913,0,0,0,0,0.139211711018192,0,0,0,0,0,0,0,0,0,0,0,0,0,-0.265027492262789,-0.3045782796597,0,0,0,0,0.120317167967531,0,0,0,0,0,0,0,0,0,0,0,0,0,-0.244199679872125,0.345422664817733,0,0,0,0,0.0387608217437414,0,0,0,0,0,0,0,0,0,0,0,0,0,-0.48099606780181,0.325674764077033,0,0,0,0,0.513024861997255,0,0,0,0,0,0,0,0,0,0,0,0,0,0.363861342556763,-0.274744233335558,0,0,0,0,-0.0386652148849384,0,0,0,0,0,0,0,0,0,0,0,0,0,-0.326660664697942,0.271273839013162,0,0,0,0,0.400998780399557,0,0,0,0,0,0,0,0,0,0,0,0,0,-0.297061182213879,0.326710605107529,0,0,0,0,-0.0842255226112751,0,0,0,0,0,0,0,0,0,0,0,0,0,0.270120956581036,-0.329646017095903,0,0,0,0,0.358305305048851,0,0,0,0,0,0,0,0,0,0,0,0,0,-0.326604632401417,0.374968223523575,0,0,0,0,0.0694813726850909,0,0,0,0,0,0,0,0,0,0,0,0,0,-0.291620859761104,-0.2716251093096,0,0,0,0,0.244204978971567,0,0,0,0,0,0,0,0,0,0,0,0,0,0.383517768762119,-0.253877165994155,0,0,0,0,-0.297213842936629,0,0,0,0,0,0,0,0,0,0,0,0,0,0.425628762000652,0.276092081007724,0,0,0,0,-0.451747258688424,0,0,0,0,0,0,0,0,0,0,0,0,0,-0.242259519223428,0.291451797051241,0,0,0,0,-0.0623356354517421,0,0,0,0,0,0,0,0,0,0,0,0,0,-0.315156024955506,-0.376343235847058,0,0,0,0,0.146754069132332,0,0,0,0,0,0,0,0,0,0,0,0,0,0.295484598482155,-0.340341125199302,0,0,0,0,0.278167279192323,0,0,0,0,0,0,0,0,0,0,0,0,0,-0.338261378966321,-0.356517521687276,0,0,0,0,0.120095340711289,0,0,0,0,0,0,0,0,0,0,0,0,0,0.337283575607756,0.221630029861756,0,0,0,0,0.216015639898869,0,0,0,0,0,0,0,0,0,0,0,0,0,-0.305741428223792,-0.213082336921868,0,0,0,0,0.104099965979797,0,0,0,0,0,0,0,0,0,0,0,0,0,0.323293739211773,-0.410721747630859,0,0,0,0,-0.54208004913924,0,0,0,0,0,0,0,0,0,0,0,0,0,0.305699391252549,-0.318098867039841,0,0,0,0,-0.216716950478136,0,0,0,0,0,0,0,-0.0211975364463381,0,0,0,0,0,0.220940887830938,-0.242405450500981,0,0,0,0,0.423284429645513,0,0,0,0,0,0,0,0,0,0,0,0,0,-0.266478988343106,0.352460530177613,0,0,0,0,-0.187689717786641,0,0,0,0,0,0,0,0,0,0,0,0,0,0.308312328149639,0.323240510894297,0,0,0,0,0.441175817356132,0,0,0,0,0,0,0,0,0,0,0,0,0,0.278565891631121,-0.265989791525715,0,0,0,0,-0.0940317389098832,0,0,0,0,0,0,0,0,0,0,0,0,0,0.254110364691727,0.361093461009919,0,0,0,0,-0.285040573329618,0,0,0,0,0,0,0,0,0,0,0,0,0,-0.395739772360714,-0.309430338943056,0,0,0,0,-0.377694003210237,0,0,0,0,0,0,0,0,0,0,0,0,0,0.374666382183131,-0.325540326214415,0,0,0,0,-0.0337816048309218,0,0,0,0,0,0
"15",0,0,0,0,0,0,0,0,0,0,0,0,0,0,-0.273517891227545,0,0.225874399347312,0,0,0,0,0,0,0,0,0,0,0,0,0,0,0,0,0,-0.312662447667362,0,0.284222305422747,0,0,0,0,0,0,0,0,0,0,0,0,0,0,0,0,0,0.379308693623589,0,-0.269435968259055,0,0,0,0,0,0,0,0,0,0,0,0,0,0,0,0,0,-0.0597455171468082,0,0.247553632405944,0,0,0,0,0,0,0,0,0,0,0,0,0,0,0,0,0,0.219634178717536,0,-0.28185284992483,0,0,0,0,0,0,0,0,0,0,0,0,0,0,0,0,0,-0.244876568485799,0,0.335439961206385,0,0,0,0,0,0,0,0,0,0,0,0,0,0,0,0,0,0.552928166128289,0,-0.296657570321915,0,0,0,0,0,0,0,0,0,0,0,0,0,0,0,0,0,-0.488333263971271,0,-0.380154225839083,0,0,0,0,0,0,0,0,0,0,0,0,0,0,0,0,0,0.176026346642114,0,-0.302407352355681,0,0,0,0,0,0,0,0,0,0,0,0,0,0,0,0,0,0.413003766783198,0,-0.307243394926182,0,0,0,0,0,0,0,0,0,0,0,0,0,0,0,0,0,-0.486045349431031,0,-0.257458409716142,0,0,0,0,0,0,0,0,0,0,0,0,0,0,0,0,0,-0.0988642331966117,0,-0.244713526563048,0,0,0,0,0,0,0,0,0,0,0,0,0,0,0,0,0,0.171554176932179,0,0.378530575007572,0,0,0,0,0,0,0,0,0,0,0,0,0,0,0,0,0,-0.381423088469194,0,-0.336712422531799,0,0,0,0,0,0,0,0,0,0,0,0,0,0,0,0,0,-0.355088254211913,0,0.309686655876632,0,0,0,0,0,0,0,0,0,0,0,0,0,0,0,0,0,0.122181420613287,0,0.353313970375745,0,0,0,0,0,0,0,0,0,0,0,0,0,0,0,0,0,0.191162442312749,0,0.195667005042527,0,0,0,0,0,0,0,0,0,0,0,0,0,0,0,0,0,0.486441946167502,0,-0.328018481215699,0,0,0,0,0,0,0,0,0,0,0,0,0,0,0,0,0,0.336444238521492,0,0.381840433489052,0,0,0,0,0,0,0,0,0,0,0,0,0,0,0,0,0,0.292303805357991,0,0.333078593099251,0,0,0,0,0,0,0,0,0,0,0,0,0,0,0,0,0,0.549783851711547,0,0.225130657261939,0,0,0,0,0,0,0,0,0,0,0,0,0,0,0,0,0,-0.233637556747694,0,0.198782555919355,0,0,0,0,0,0,0,0,0,0,0,0,0,0,0,0,0,0.212663409667941,0,-0.289916490226356,0,0,0,0,0,0,0,0,0,0,0,0,0,0,0,0,0,0.16145022434262,0,-0.188447784677689,0,0,0,0,0,0,0,0,0,0,0,0,0,0,0,0,0,0.350229701015886,0,0.164841912433357,0,0,0,0,0,0,0,0,0,-0.0201273273062143,0,0,0,0,0,0,0,0.521800971916488,0,0.300699572798292,0,0,0,0,0,0,0,0,0,0,0,0,0,0,0,0,0,-0.263071330431961,0,0.256087790356961,0,0,0,0,0,0,0,0,0,0,0,0,0,0,0,0,0,0.167653895271207,0,0.2714613624658,0,0,0,0,0,0,0,0,0,0,0,0,0,0,0,0,0,0.311845855037234,0,-0.285083643372013,0,0,0,0,0,0,0,0,0,0,0,0,0,0,0,0,0,-0.198167007923444,0,-0.285443268126981,0,0,0,0,0,0,0,0,0,0,0,0,0,0,0,0,0,-0.251360840070507,0,0.275388180933953,0,0,0,0,0,0,0,0,0,0,0,0,0,0,0,0,0,0.0598866569611138,0,0.267849613212902,0,0,0,0,0,0,0,0,0,0,0,0,0,0,0,0,0,0.161752100846231,0,0.278616971541666,0,0,0,0,0,0,0,0,0,0,0,0,0,0,0,0,0,-0.135326640192733,0,-0.258921032502062,0,0,0,0,0,0,0,0,0,0,0,0,0,0,0,0,0,-0.410507625383596,0,-0.289883183902485,0,0,0,0,0,0,0,0,0,0,0,0,0,0,0,0,0,0.142467212673046,0,-0.306162786926005,0,0,0,0,0,0,0,0,0,0,0,0,0,0,0,0,0,0.154492442512488,0,-0.319981365953946,0,0,0,0,0,0,0,0,0,0,0,0,0,0,0,0,0,0.124141588484923,0,-0.225837539815314,0,0,0,0,0,0,0,0,0,0,0,0,0,0,0,0,0,0.122721206010246,0,0.217677901673948,0,0,0,0,0,0,0,0,0,0,0,0,0,0,0,0,0,-0.0221290227895828,0,-0.307644860578161,0,0,0,0,0,0,0,0,0,0,0,0,0,0,0,0,0,0.505785222685246,0,-0.33867072568239,0,0,0,0,0,0,0,0,0,0,0,0,0,0,0,0,0,0.287692703355527,0,0.211193760215964,0,0,0,0,0,0,0,0,0,0,0,0,0,0,0,0,0,-0.518338872924578,0,-0.215048831885807,0,0,0,0,0,0,0,0,0,0,0,0,0,0,0,0,0,-0.139493818006321,0,-0.297092241043069,0,0,0,0,0,0,0,0,0,0,0,0,0,0,0,0,0,0.212691644252591,0,-0.220610712371841,0,0,0,0,0,0,0,0,0,0,0,0,0,0,0,0,0,-0.19506059098315,0,0.322675016152494,0,0,0,0,0,0,0,0,0,0,0,0,0,0,0,0,0,-0.0597471096525364,0,-0.304177862325745,0,0,0,0,0,0,0,0,0,0,0,0,0,0,0,0,0,-0.429114071945285,0,-0.304721088667176,0,0,0,0,0,0,0,0,0,0,0,0,0,0,0,0,0,0.353246313733651,0,0.19361318113976,0,0,0,0,0,0,0,0,0,0,0,0,0,0,0,0,0,0.129751035112569,0,-0.267810302367361,0,0,0
"16",0,0,0,0,0,0,0,0,0,0,0,0,0,0,0,-0.13473057817992,0.290153835807696,0,0,0,0,0,0,0,0,0,0,0,0,0,0,0,0,0,0,-0.037213999360232,0.221163341176653,0,0,0,0,0,0,0,0,0,0,0,0,0,0,0,0,0,0,-0.247005421616683,0.349530025217763,0,0,0,0,0,0,0,0,0,0,0,0,0,0,0,0,0,0,0.234929763745998,-0.30643667060555,0,0,0,0,0,0,0,0,0,0,0,0,0,0,0,0,0,0,-0.449165759747334,0.300974727295702,0,0,0,0.0547904374953754,0,0,0,0,0,0,0,0,0,0,0,0,0,0,-0.0292391595607847,-0.162071014437875,0,0,0,0,0,0,0,0,0,0,0,0,0,0,0,0,0,0,-0.268952846591571,-0.219044147562965,0,0,0,0,0,0,0,0,0,0,0,0,0,0,0,0,0,0,-0.0320321552271602,-0.128688752467577,0,0,0,0,0,0,0,0,0,0,0,0,0,0,0,0,0,0,-0.299504283860758,0.200029028501815,0,0,0,0,0,0,0,0,0,0,0,0,0,0,0,0,0,0,-0.279095280440895,0.153099494766712,0,0,0,0,0,0,0,0,0,0,0,0,0,0,0,0,0,0,-0.231735952426076,0.289425870345719,0,0,0,0,0,0,0,0,0,0,0,0,0,0,0,0,0,0,0.360172882580287,-0.315764376856327,0,0,0,0,0,0,0,0,0,0,0,0,0,0,0,0,0,0,-0.364935120555848,-0.190079589907664,0,0,0,-0.0215273218277003,0,0,0,0,0,0,0,0,0,0,0,0,0,0,-0.422791818622837,0.319283087870153,0,0,0,0.025462665093146,0,0,0,0,0,0,0,0,0,0,0,0,0,0,0.21495941448473,-0.286634114365595,0,0,0,0,0,0,0,0,0,0,0,0,0,0,0,0,0,0,0.0587165484465318,0.303817987514908,0,0,0,0,0,0,0,0,0,0,0,0,0,0,0,0,0,0,0.108453656183199,0.371683977980851,0,0,0,0,0,0,0,0,0,0,0,0,0,0,0,0,0,0,0.33627203535958,-0.276800949975274,0,0,0,0,0,0,0,0,0,0,0,0,0,0,0,0,0,0,0.0873526138176229,-0.37903970859534,0,0,0,0.0243027645828199,0,0,0,0,0,0,0,0,0,0,0,0,0,0,-0.417606756539109,0.375678489923518,0,0,0,0,0,0,0,0,0,0,0,0,0,0,0,0,0,0,-0.167388291485567,0.292531562180497,0,0,0,0.0210557400365386,0,0,0,0,0,0,0,0,0,0,0,0,0,0,-0.242684930308862,-0.322804710563413,0,0,0,0,0,0,0,0,0,0,0,0,0,0,0,0,0,0,-0.0999512928645252,0.212224762319219,0,0,0,0,0,0,0,0,0,0,0,0,0,0,0,0,0,0,-0.352362212425083,0.392377790381128,0,0,0,0.0738919638403967,0,0,0,0,0,0,0,0,0,0,0,0,0,0,-0.0683710463916747,-0.297130448126669,0,0,0,-0.0201763220613634,0,0,0,0,0,0,0,0,0,0,0,0,0,0,-0.0239033382562167,-0.319752292266432,0,0,0,0,0,0,0,0,0,0,0,0,0,0,0,0,0,0,-0.248908591307146,-0.301405747436606,0,0,0,0,0,0,0,0,0,0,0,0,0,0,0,0,0,0,0.258713312304465,-0.275321553533464,0,0,0,0,0,0,0,0,0,0,0,0,0,0,0,0,0,0,0.369349052643955,0.371856798011489,0,0,0,0.093103337290218,0,0,0,0,0,0,0,0,0,0,0,0,0,0,0.145651110002406,-0.345964134624377,0,0,0,0,0,0,0,0,0,0,0,0,0,0,0,0,0,0,-0.0444240268852681,-0.260129877537825,0,0,0,0,0,0,0,0,0,0,0,0,0,0,0,0,0,0,0.235510060502039,0.262659373842293,0,0,0,0,0,0,0,0,0,0,0,0,0,0,0,0,0,0,-0.477863190812851,0.268289566915686,0,0,0,0,0,0,0,0,0,0,0,0,0,0,0,0,0,0,-0.403381711005419,-0.249746748501727,0,0,0,0,0,0,0,0,0,0,0,0,0,0,0,0,0,0,0.10881509219774,0.253017545300115,0,0,0,0,0,0,0,0,0,0,0,0,0,0,0,0,0,0,0.389166175605424,0.230379408073009,0,0,0,0,0,0,0,0,0,0,0,0,0,0,0,0,0,0,-0.284038785901339,-0.241524174170818,0,0,0,0.023193556257504,0,0,0,0,0,0,0,0,0,0,0,0,0,0,0.115231102600783,-0.355332829993321,0,0,0,0,0,0,0,0,0,0,0,0,0,0,0,0,0,0,0.274021499627389,-0.373825075567711,0,0,0,0,0,0,0,0,0,0,0,0,0,0,0,0,0,0,-0.200779425325704,-0.301532571963364,0,0,0,0,0,0,0,0,0,0,0,0,0,0,0,0,0,0,-0.29392534335249,-0.281727005954184,0,0,0,0,0,0,0,0,0,0,0,0,0,0,0,0,0,0,-0.11792652130975,0.184321014191857,0,0,0,0,0,0,0,0,0,0,0,0,0,0,0,0,0,0,0.372695085531875,0.211758784436694,0,0,0,0,0,0,0,0,0,0,0,0,0,0,0,0,0,0,0,0.270441587566693,0,0,0,0,0,0,0,0,0,0,0,0,0,0,0,0,0,0,-0.233606239461032,0.241064791163849,0,0,0,0,0,0,0,0,0,0,0,0,0,0,0,0,0,0,0.137005386958164,-0.297239815243427,0,0,0,0,0,0,0,0,0,0,0,0,0,0,0,0,0,0,0.408762347254982,0.254505723292508,0,0,0,0,0,0,0,0,0,0,0,0,0,0,0,0,0,0,0.214122673450566,-0.304499436277469,0,0,0,0,0,0,0,0,0,0,0,0,0,0,0,0,0,0,-0.0820247555854905,0.235483043216598,0,0,0,0.03995252380999,0,0,0,0,0,0,0,0,0,0,0,0,0,0,-0.467028058294806,-0.445919859689745,0,0,0
"17",0,0,0,0,0,0,0,0,0,0,0,0,0,-0.254693135780482,0,0,0.0865186012587341,0,0,0,0,0,0,0,0,0,0,0,0,0,0,0,0,-0.286465371928699,0,0,0.394666086892525,0,0,0,0,0,0,0,0,0,0,0,0,0,0,0,0,0.302879839447448,0,0,0.197166524789214,0,0,0,0,0,0,0,0,0,0,0,0,0,0,0,0,0.281253946699734,0,0,0,0,0,0,0,0,0,0,0,0,0,0,0,0,0,0,0,0.351370851953912,0,0,-0.30295743628744,0,0,0,0,0,0,0,0,0,0,0,0,0,0,0,0,0.251639770420613,0,0,-0.143339683619797,0,0,0,0,0,0,0,0,0,0,0,0,0,0,0,0,-0.209619811239106,0,0,-0.213155565286406,0,0,0,0,0,0,0,0,0,0,0,0,0,0,0,0,-0.225295922040303,0,0,-0.267412505328697,0,0,0,0,0,0,0,0,0,0,0,0,0,0,0,0,0.215142795443256,0,0,-0.436352834741414,0,0,0,0,0,0,0,0,0,0,0,0,0,0,0,0,-0.228817097698322,0,0,0.086932646072532,0,0,0,0,0,0,0,0,0,0,0,0,0,0,0,0,-0.326424883374651,0,0,-0.178156295921621,0,0,0,0,0,0,0,0,0,0,0,0,0,0,0,0,-0.241968026338096,0,0,-0.285366868848358,0,0,0,0,0,0,0,0,0,0,0,0,0,0,0,0,0.343324726625365,0,0,0.19674258313565,0,0,0,0,0,0,0,0,0,0,0,0,0,0,0,0,0.20691883898135,0,0,0,0,0,0,0,0,0,0,0,0,0,0,0,0,0,0,0,0.181810678658905,0,0,0.100439618025288,0,0,0,0,0,0,0,0,0,0,0,0,0,0,0,0,-0.28510937331098,0,0,0.0346467606443325,0,0,0,0,0,0,0,0,0,0,0,0,0,0,0,0,0.23722601353427,0,0,0.360312089665559,0,0,0,0,0,0,0,0,0,0,0,0,0,0,0,0,0.298136836083405,0,0,-0.2720175117375,0,0,0,0,0,0,0,0,0,0,0,0,0,0,0,0,-0.284722312225078,0,0,0.398247035235846,0,0,0,0,0,0,0,0,0,0,0,0,0,0,0,0,0.349264654467961,0,0,0.0264120088897984,0,0,0,0,0,0,0,0,0,0,0,0,0,0,0,0,0.336121225613181,0,0,-0.181310458757354,0,0,0,0,0,0,0,0,0,0,0,0,0,0,0,0,-0.303539682782852,0,0,-0.103844494405324,0,0,0,0,0,0,0,0,0,0,0,0,0,0,0,0,-0.292910857746664,0,0,0.0307679070921843,0,0,0,0,0,0,0,0,0,0,0,0,0,0,0,0,-0.207715294599112,0,0,-0.0573785524250681,0,0,0,0,0,0,0,0,0,0,0,0,0,0,0,0,-0.314279553100282,0,0,-0.276106137570274,0,0,0,0,0,0,0,0,0,0,0,0,0,0,0,0,-0.354438612342476,0,0,-0.173849058083035,0,0,0,0,0,0,0,0,0,0,0,0,0,0,0,0,-0.238365525644186,0,0,0.376896726932325,0,0,0,0,0,0,0,0,0,0,0,0,0,0,0,0,-0.294547589828701,0,0,0.0684732895876413,0,0,0,0,0,0,0,0,0,0,0,0,0,0,0,0,-0.289192377729165,0,0,-0.26613294744253,0,0,0,0,0,0,0,0,0,0,0,0,0,0,0,0,-0.375457759482863,0,0,0.457502699864658,0,0,0,0,0,0,0,0,0,0,0,0,0,0,0,0,-0.327665293744356,0,0,0.45661722803116,0,0,0,0,0,0,0,0,0,0,0,0,0,0,0,0,0.247037632627182,0,0,0.427769118379755,0,0,0,0,0,0,0,0,0,0,0,0,0,0,0,0,0.280687683585904,0,0,0.0786531805753254,0,0,0,0,0,0,0,0,0,0,0,0,0,0,0,0,0.239679184718639,0,0,-0.0969459488424504,0,0,0,0,0,0,0,0,0,0,0,0,0,0,0,0,-0.271479215206844,0,0,0.180546790010428,0,0,0,0,0,0,0,0,0,0,0,0,0,0,0,0,-0.314818042484736,0,0,0.182489927588755,0,0,0,0,0,0,0,0,0,0,0,0,0,0,0,0,0.276450746715643,0,0,0.442366482254288,0,0,0,0,0,0,0,0,0,0,0,0,0,0,0,0,0.383337164846838,0,0,0.222581279465146,0,0,0,0,0,0,0,0,0,0,0,0,0,0,0,0,-0.364036845938456,0,0,0.270557909606593,0,0,0,0,0,0,0,0,0,0,0,0,0,0,0,0,-0.238125718007323,0,0,0.132982609997545,0,0,0,0,0,0,0,0,0,0,0,0,0,0,0,0,-0.430111903182367,0,0,0.0392856351372551,0,0,0,0,0,0,0,0,0,0,0,0,0,0,0,0,0.239398015825273,0,0,0.358385306617122,0,0,0,0,0,0,0,0,0,0,0,0,0,0,0,0,-0.351411417334118,0,0,-0.323894326430636,0,0,0,0,0,0,0,0,0,0,0,0,0,0,0,0,-0.35264803926572,0,0,0.341446339628193,0,0,0,0,0,0,0,0,0,0,0,0,0,0,0,0,0.220046933062026,0,0,0.128908003997925,0,0,0,0,0,0,0,0,0,0,0,0,0,0,0,0,-0.328719535536478,0,0,0.370875362441679,0,0,0,0,0,0,0,0,0,0,0,0,0,0,0,0,-0.357057621825204,0,0,-0.153382981224534,0,0,0,0,0,0,0,0,0,0,0,0,0,0,0,0,-0.353517227734724,0,0,-0.167365408035712,0,0,0,0,0,0,0,0,0,0,0,0,0,0,0,0,-0.307386308071089,0,0,-0.200052602743145,0,0,0,0,0,0,0,0,0,0,0,0,0,0,0,0,-0.267017423308171,0,0,-0.160332034603002,0,0,0
"18",0.358231782455668,0,0,0,0,0,0,0,0,0,0,0,0,0,0,-0.326058387111545,-0.288329987475075,0.0964478164760696,0,0,-0.360924491771905,0,0,0,0,0,0,0,0,0,0,0,0,0,0,-0.448523514745192,-0.284694537866171,0.101253969750061,0,0,-0.330032600523685,0,0,0,0,0,0,0,0,0,0,0,0,0,0,-0.420389890134651,-0.217325268305954,-0.386595668530329,0,0,0.320426146498991,0,0,0,0,0,0,0,0,0,0,0,0,0,0,-0.373460665671255,0.314836672970664,0.554666216910876,0,0,0.415376781353493,0,0,0,0,0,0,0,0,0,-0.0299917940345356,0,0,0,0,0.466306411226438,-0.181778380968113,-0.454343912476791,0,0,0.251176685266607,0,0,0,0,0,0,0,0,0,0,0,0,0,0,-0.225731657541656,-0.215308690671842,0.0564190405892355,0,0,0.35910055990777,0,0,0,0,0,0,0,0,0,0,0,0,0,0,-0.359404361874379,-0.327246969835975,-0.246218096385734,0,0,-0.256653988325083,0,0,0,0,0,0,0,0,0,0,0,0,0,0,0.315933489416488,0.229033018867426,0.330618982113067,0,0,0.36856699910036,0,0,0,0,0,0,0,0,0,0,0,0,0,0,-0.2540604110478,0.251010012581565,0.0257181011500822,0,0,0.29298263368106,0,0,0,0,0,0,0,0,0,0,0,0,0,0,0.296584093850829,0.322482596863114,0.516415895247194,0,0,-0.27972269938081,0,0,0,0,0,0,0,0,0,0,0,0,0,0,-0.359806447125304,0.235303345799323,-0.0973204022795494,0,0,-0.35648272470297,0,0,0,0,0,0,0,0,0,0,0,0,0,0,0.368112328055177,0.355184462299144,0,0,0,0.314398986057157,0,0,0,0,0,0,0,0,0,0,0,0,0,0,-0.274075686207726,0.316035172393485,-0.0305990409781688,0,0,-0.296760394209003,0,0,0,0,0,0,0,0,0,0,0,0,0,0,-0.311598258899404,-0.292330026070873,-0.440489370010128,0,0,0.279241595408921,0,0,0,0,0,0,0,0,0,0.0218209156389138,0,0,0,0,-0.269505033240537,0.307810941583096,-0.111802373007698,0,0,0.341738175769748,0,0,0,0,0,0,0,0,0,0,0,0,0,0,0.29631782996359,0.298262982645619,-0.400014279480257,0,0,0.331288964104963,0,0,0,0,0,0,0,0,0,0,0,0,0,0,0.198735825597614,-0.168498897180236,-0.406496311467062,0,0,0.281174904966425,0,0,0,0,0,0,0,0,0,0,0,0,0,0,0.261816054367568,-0.353812638015502,0,0,0,-0.365809836315523,0,0,0,0,0,0,0,0,0,0,0,0,0,0,-0.27202946756205,0.341713980019687,-0.157387857636129,0,0,-0.297572256714402,0,0,0,0,0,0,0,0,0,0,0,0,0,0,-0.244991122632756,-0.205223313110422,-0.277511809824158,0,0,0.34616012146838,0,0,0,0,0,0,0,0,0,0,0,0,0,0,-0.35637391913523,-0.229993229116977,0.451415109077113,0,0,-0.465210437285449,0,0,0,0,0,0,0,0,0,-0.0264643875505189,0,0,0,0,0.349194612655677,0.315704348203548,-0.31756742000813,0,0,-0.299610705635835,0,0,0,0,0,0,0,0,0,0,0,0,0,0,0.154631007921482,0.177721655913309,0.195218946472207,0,0,0.368366500363629,0,0,0,0,0,0,0,0,0,0.0230831001672806,0,0,0,0,-0.337189161508913,0.191743262988323,0,0,0,0.263381322561478,0,0,0,0,0,0,0,0,0,0,0,0,0,0,0.302654297150151,0.316967833330365,0.282140630798479,0,0,0.254617660312139,0,0,0,0,0,0,0,0,0,0,0,0,0,0,-0.411293247255213,0.318949796273808,0.381444225351825,0,0,0.270580304798097,0,0,0,0,0,0,0,0,0,0,0,0,0,0,0.245586817205651,0.278979145365474,-0.0470464597586489,0,0,-0.363545125837811,0,0,0,0,0,0,0,0,0,0,0,0,0,0,0.279934991266722,0.263008371718159,0.505395599160402,0,0,-0.390478558301829,0,0,0,0,0,0,0,0,0,0,0,0,0,0,0.273226192708099,0.18310426220179,-0.325577888159822,0,0,-0.403366343915955,0,0,0,0,0,0,0,0,0,0,0,0,0,0,0.386178241260865,-0.303195020351376,0.101510570508072,0,0,-0.313923760335593,0,0,0,0,0,0,0,0,0,0,0,0,0,0,0.341260414645398,0.271108963583512,0.193637988228751,0,0,0.344250062852528,0,0,0,0,0,0,0,0,0,0.0242903659111818,0,0,0,0,0.287408220874001,-0.314288989247578,0.29164762632776,0,0,-0.362453525771743,0,0,0,0,0,0,0,0,0,0,0,0,0,0,0.361281892677144,0.267353953898019,-0.442717733888729,0,0,0.294230043582865,0,0,0,0,0,0,0,0,0,0,0,0,0,0,0.2246991784505,-0.274493789990447,-0.154380612155313,0,0,0.283453965077332,0,0,0,0,0,0,0,0,0,0,0,0,0,0,0.436522321417125,0.317935886070619,-0.236418726317159,0,0,0.335677651483877,0,0,0,0,0,0,0,0,0,0.0561417207728166,0,0,0,0,-0.308228716140021,0.22581479978046,-0.140233094361902,0,0,-0.322608694501977,0,0,0,0,0,0,0,0,0,0,0,0,0,0,-0.358551025641046,0.328521742522353,0.108769145141304,0,0,0.24602710693079,0,0,0,0,0,0,0,0,0,0,0,0,0,0,-0.270071850999106,0.203843894062246,-0.299694170666721,0,0,0.381336887464612,0,0,0,0,0,0,0,0,0,0,0,0,0,0,-0.348992998869767,0.308315380101961,0.265914490352873,0,0,-0.270154077247696,0,0,0,0,0,0,0,0,0,0,0,0,0,0,0.418955912723657,-0.31753941167888,0.433454094550198,0,0,-0.339603255000063,0,0,0,0,0,0,0,0,0,0,0,0,0,0,0.306734541075873,-0.285112354077807,-0.581767975588445,0,0,0.410535427360194,0,0,0,0,0,0,0,0,0,-0.0719369655489964,0,0,0,0,-0.386514972629481,-0.284636278790581,0.203123629139999,0,0,-0.323003960915349,0,0,0,0,0,0,0,0,0,0,0,0,0,0,-0.34074585061539,-0.270887534049881,0.205661414521928,0,0,0.344083125742763,0,0,0,0,0,0,0,0,0,-0.0279114555272842,0,0,0,0,0.253555643647295,-0.268863737296898,-0.226659559512422,0,0,0.351759415656712,0,0,0,0,0,0,0,0,0,0,0,0,0,0,0.29115861649659,-0.235780208547795,-0.168912000004896,0,0,0.436497375109168,0,0,0,0,0,0,0,0,0,0,0,0,0,0,0.201298901569321,0.288575670039681,0.535300556023175,0,0,0.274173413655518,0,0,0,0,0,0,0,0,0,0,0,0,0,0,-0.316360469103686,0.256803705238097,-0.337373425322745,0,0,-0.408534508416995,0,0,0,0,0,0,0,0,0,0.0222199759622801,0,0,0,0,-0.262355668367463,-0.164755033465291,-0.483339141017693,0,0,0.382913020702705,0,0,0,0,0,0,0,0,0,0,0,0,0,0,0.259973800901557,0.150917851648921,0.268752638668784,0,0,-0.281545045054859,0,0,0,0,0,0,0,0,0,0,0,0,0,0,0.313471542978221,0.217772725678047,-0.272421089075137,0,0
"19",0,0,0,0,0,0,0.188073000912049,0,0,0,0.370253711353121,0,0,0,0,0,0,0,-0.237372562394246,0,0,0.0978912651939924,0,0,0,0,0.326188777267801,0,0,0,0.259755797035312,0,0,0,0,0,0,0,0.383351551342214,0,0,-0.0272019783762033,0,0,0,0,0.278614090657575,0,0,0,0.25351543207244,0,0,0,0,0,0,0,0.207949456477825,0,0,0,0,0,0,0,0.309608671366404,0,0,0,0.330504814096514,0,0,0,0,0,0,0,0,0,0,0,0,0,0,0,-0.281670604837434,0,0,0,0.3183174647351,0,0,0,0,0,0,0,0.450748000934527,0,0,0,0,0,0,0,-0.315565346835766,0,0,0,0.215917749358547,0,0,0,0,0,0,0,0,0,0,0,0,0,0,0,-0.283240540131351,0,0,0,-0.323028977078297,0,0,0,0,0,0,0,0.139341165412718,0,0,-0.0298460775570266,0,0,0,0,-0.378039939173365,0,0,0,-0.316021806472632,0,0,0,0,0,0,0,0.209144414580846,0,0,0,0,0,0,0,0.374015029265771,0,0,0,0.363693761412437,0,0,0,0,0,0,0,0.355317581484457,0,0,0,0,0,0,0,-0.301379400788211,0,0,0,-0.367147441398053,0,0,0,0,0,0,0,-0.199655751072082,0,0,0,0,0,0,0,0.102396967888671,0,0,0,0.456779430589494,0,0,0,0,0,0,0,-0.427514692212597,0,0,0,0,0,0,0,0.306733498171744,0,0,0,-0.352657040895049,0,0,0,0,0,0,0,-0.119271680801511,0,0,0,0,0,0,0,0.317868708196197,0,0,0,-0.270549985671526,0,0,0,0,0,0,0,0.329406661931905,0,0,0,0,0,0,0,0.342553868753636,0,0,0,-0.348761904260939,0,0,0,0,0,0,0,0.327143709115719,0,0,0,0,0,0,0,-0.221618449909739,0,0,0,-0.362353019156524,0,0,0,0,0,0,0,0.528931846794581,0,0,0,0,0,0,0,0.319766327424116,0,0,0,-0.369877909233276,0,0,0,0,0,0,0,-0.314661490857974,0,0,0,0,0,0,0,-0.361380205987959,0,0,0,-0.459785402213768,0,0,0,0,0,0,0,0.0835757773306376,0,0,0,0,0,0,0,0.30335106688319,0,0,0,0.245234631196636,0,0,0,0,0,0,0,-0.497321650836192,0,0,-0.0219837352614046,0,0,0,0,0.228744714130582,0,0,0,0.303284215557925,0,0,0,0,0,0,0,-0.1441953498727,0,0,0,0,0,0,0,0.286839291630468,0,0,0,0.375254730498058,0,0,0,0,0,0,0,-0.482540790504979,0,0,0,0,0,0,0,0.271757605675635,0,0,0,-0.283080797574973,0,0,0,0,0,0,0,-0.458278302342889,0,0,0,0,0,0,0,0.304429575967871,0,0,0,-0.284800413432085,0,0,0,0,0,0,0,-0.0512882507315444,0,0,0,0,0,0,0,0.255382433669116,0,0,0,0.40943304032739,0,0,0,0,0,0,0,0.281335519710175,0,0,-0.0233648626769289,0,0,0,0,0.245722878038674,0,0,0,-0.348374782353294,0,0,0,0,0,0,0,-0.304038580750713,0,0,0,0,0,0,0,0.340794617430778,0,0,0,-0.332429814338568,0,0,0,0,0,0,0,0.552351319322519,0,0,0,0,0,0,0,-0.328801758525102,0,0,0,0.30560590318471,0,0,0,0,0,0,0,-0.541644511349575,0,0,0,0,0,0,0,0.3379642630628,0,0,0,0.286418863009425,0,0,0,0,0,0,0,-0.0216167735605124,0,0,0,0,0,0,0,-0.32689354878892,0,0,0,0.33574934405763,0,0,0,0,0,0,0,-0.0366794508269985,0,0,0,0,0,0,0,-0.294389518015305,0,0,0,0.283766924537346,0,0,0,0,0,0,0,0.276698393139897,0,0,0,0,0,0,0,-0.403147142394867,0,0,0,-0.349960138793045,0,0,0,0,0,0,0,-0.0600327225007799,0,0,0,0,0,0,0,0.362792204408307,0,0,0,-0.206849169454808,0,0,0,0,0,0,0,-0.335017950650137,0,0,0,0,0,0,0,-0.261537875298599,0,0,0,-0.339582196395905,0,0,0,0,0,0,0,-0.218658402417062,0,0,0,0,0,0,0,0.436103305271586,0,0,0,0.413267788541397,0,0,0,0,0,0,0,-0.534789446719379,0,0,0,0,0,0,0,0.320024057306222,0,0,0,0.262969442326527,0,0,0,0,0,0,0,-0.111697375185502,0,0,-0.0307953845693734,0,0,0,0,0.296951208303731,0,0,0,-0.377365134234717,0,0,0,0,0,0,0,0.0239092082315375,0,0,0,0,0,0,0,-0.354852951084859,0,0,0,0.353892073094754,0,0,0,0,0,0,0,0.107023690309357,0,0,0,0,0,0,0,-0.375260198743961,0,0,0,0.436777186539107,0,0,0,0,0,0,0,-0.435908034489537,0,0,0,0,0,0,0,0.385012574629366,0,0,0,-0.32323578629716,0,0,0,0,0,0,0,-0.364122452738903,0,0,0,0,0,0,0,-0.292153565590007,0,0,0,0.41360438563577,0,0,0,0,0,0,0,-0.0239467641920192,0,0,0,0,0,0,0,-0.354046284296916,0,0,0,-0.191168426358224,0,0,0,0,0,0,0,-0.326242915432945,0,0,0.0271604290821167,0,0,0,0,-0.320350789894732,0,0,0,0.236704299600159,0,0,0,0,0,0,0,-0.200584286014461,0,0,0,0,0,0,0,0.264293487935582,0,0,0,-0.259788382729991,0,0,0,0,0,0,0,0.12847705099515,0,0,0,0,0,0,0,0.296357877573586,0,0,0,-0.309098854857968,0,0,0,0,0,0,0,-0.449358545680372,0,0,0,0,0,0,0,-0.271915973463309,0,0,0,-0.254634562569853,0,0,0,0,0,0,0,0.195707930610781,0,0,0,0,0,0,0,0.243750673534301,0,0,0,-0.290829733619679,0,0,0,0,0,0,0,0.364833466649814,0,0,0,0,0,0,0,-0.240075392165173,0,0,0,0.294496111747509,0,0,0,0,0,0,0,0.374391487410795,0,0,0,0,0,0,0,-0.266994788609256,0,0,0,-0.3315213978392,0,0,0,0,0,0,0,0.396680033250557,0,0,0,0,0,0,0,0.312575720087939,0,0,0,0.152941114624948,0,0,0,0,0,0,0,-0.309393500274912,0,0,0,0,0,0,0,0.241175120141869,0,0,0,-0.318393530912805,0,0,0,0,0,0,0,0.551331016611731,0,0,0.0205661364249042,0,0,0,0,-0.355608267636079,0,0,0,0.28485997532068,0,0,0,0,0,0,0,-0.408817801568378,0
"20",0,0,0,0,0,0,0,0,0,0,0,0,0,-0.315168585236443,0,0,0,0,0,0.456930113573778,0,0,0,0,0,0,0,0,0,0,0,0,0,-0.292521746184705,0,0,0,0,0,0.350407262451662,0,0,0,0,0,0,0,0,0,0,0,0,0,-0.286650523026447,0,0,0,0,0,-0.230577041980555,0,0,0,0,0,0,0,0,0,0,0,0,0,-0.251348175733446,0,0,0,0,0,0.240558350237751,0,0,0,0,0,0,0,0,0,0,0,0,0,0.294934383064538,0,0,0,0,0,0.0222327910857935,0,0,0,0,0,0,0,0,0,0,0,0,0,-0.274271466322457,0,0,0,0,0,-0.114368599707196,0,0,0,0,0,0,0,0,0,0,0,0,0,0.298570035853505,0,0,0,0,0,-0.290675806315026,0,0,0,0,0,0,0,0,0,0,0,0,0,0.374591264169924,0,0,0,0,0,0.460065465596786,0,0,0,0,0,0,0,0,0,0,0,0,0,0.319894364647394,0,0,0,0,0,0,0,0,0,0,0,0,0,0,0,0,0,0,0,-0.34259162083266,0,0,0,0,0,0.0815970223225994,0.0316339433791637,0,0,0,0,0,0,0,0,0,0,0,0,0.304966763588904,0,0,0,0,0,0.350764484207114,0,0,0,0,0,0,0,0,0,0,0,0,0,-0.224112607564374,0,0,0,0,0,-0.114710442693339,0,0,0,0,0,0,0,0,0,0,0,0,0,0.285261516484027,0,0,0,0,0,0.120281946036834,0,0,0,0,0,0,0,0,0,0,0,0,0,-0.291806261882772,0,0,0,0,0,0.20251843234196,0,0,0,0,0,0,0,0,0,0,0,0,0,0.289666160341049,0,0,0,0,0,-0.49231711431649,0,0,0,0,0,0,0,0,0,0,0,0,0,0.247070893625136,0,0,0,0,0,0.400806172442513,0,0,0,0,0,0,0,0,0,0,0,0,0,0.21200541432437,0,0,0,0,0,0.225239177281564,0,0,0,0,0,0,0,0,0,0,0,0,0,0.297437391105266,0,0,0,0,0,0.0267864871206085,0,0,0,0,0,0,0,0,0,0,0,0,0,0.317154434184238,0,0,0,0,0,0.172991634925943,0,0,0,0,0,0,0,0,0,0,0,0,0,0.181464207501783,0,0,0,0,0,-0.187203784403541,0,0,0,0,0,0,0,0,0,0,0,0,0,0.351921815134949,0,0,0,0,0,-0.540898683401681,0,0,0,0,0,0,0,0,0,0,0,0,0,-0.26522041136829,0,0,0,0,0,0.105612263743585,0,0,0,0,0,0,0,0,0,0,0,0,0,-0.318507916684665,0,0,0,0,0,-0.337482195303654,0,0,0,0,0,0,0,0,0,0,0,0,0,-0.350868337398902,0,0,0,0,0,0.240023151625347,0,0,0,0,0,0,0,0,0,0,0,0,0,-0.34110945955574,0,0,0,0,0,0.371034512994819,0,0,0,0,0,0,0,0,0,0,0,0,0,0.310102266119246,0,0,0,0,0,0.387344957607324,0,0,0,0,0,0,0,0,0,0,0,0,0,-0.196343347500463,0,0,0,0,0,-0.42361418887335,0,0,0,0,0,0,0,0,0,0,0,0,0,0.26840248528054,0,0,0,0,0,0,0,0,0,0,0,0,0,0,0,0,0,0,0,0.305668362940733,0,0,0,0,0,0.46653520374412,0,0,0,0,0,0,0,0,0,0,0,0,0,-0.41487421856255,0,0,0,0,0,0.249561358772774,0,0,0,0,0,0,0,0,0,0,0,0,0,-0.27760804816953,0,0,0,0,0,-0.346856071914801,0,0,0,0,0,0,0,0,0,0,0,0,0,0.274885420105035,0,0,0,0,0,0.418713551887333,0,0,0,0,0,0,0,0,0,0,0,0,0,0.340770999459687,0,0,0,0,0,0.100966801545666,0,0,0,0,0,0,0,0,0,0,0,0,0,-0.222536566821626,0,0,0,0,0,0.19753832077693,0,0,0,0,0,0,0,0,0,0,0,0,0,-0.301196268025921,0,0,0,0,0,0.165538629469268,0,0,0,0,0,0,0,0,0,0,0,0,0,-0.313870145646662,0,0,0,0,0,0.0605843288449637,0,0,0,0,0,0,0,0,0,0,0,0,0,0.300500909983458,0,0,0,0,0,-0.108669612319236,-0.0354629561453588,0,0,0,0,0,0,0,0,0,0,0,0,0.427233569039133,0,0,0,0,0,0.299638479928189,0,0,0,0,0,0,0,0,0,0,0,0,0,-0.279896204475125,0,0,0,0,0,-0.304984120873562,0,0,0,0,0,0,0,0,0,0,0,0,0,0.358979851930282,0,0,0,0,0,0.37928599081764,0,0,0,0,0,0,0,0,0,0,0,0,0,0.278523626874049,0,0,0,0,0,-0.314880983725781,0,0,0,0,0,0,0,0,0,0,0,0,0,-0.263310266231377,0,0,0,0,0,0.207767207420959,0,0,0,0,0,0,0,0,0,0,0,0,0,0.250006476379145,0,0,0,0,0,0.42255390605954,0,0,0,0,0,0,0,0,0,0,0,0,0,0.308139209935109,0,0,0,0,0,0.115556162747421,0,0,0,0,0,0,0,0,0,0,0,0,0,-0.228516453638352,0,0,0,0,0,-0.137667816989643,0,0,0,0,0,0,0,0,0,0,0,0,0,-0.238075877987357,0,0,0,0,0,0.182654001369238,0,0,0,0,0,0,0,0,0,0,0,0,0,-0.3128293044667,0,0,0,0,0,0,0,0,0,0,0,0,0,0,0,0,0,0,0,-0.29920119716588,0,0,0,0,0,-0.0234771019407729,0,0,0,0,0,0,0,0,0,0,0,0,0,-0.249506091706247,0,0,0,0,0,0.283266236704768,0,0,0,0,0,0,0,0,0,0,0,0,0,-0.222058874729062,0,0,0,0,0,-0.216777963080096
