"","X1","X2","X3","X4","X5","X6","X7","X8","X9","X10","X11","X12","X13","X14","X15","X16","X17","X18","X19","X20","X1.1","X2.1","X3.1","X4.1","X5.1","X6.1","X7.1","X8.1","X9.1","X10.1","X11.1","X12.1","X13.1","X14.1","X15.1","X16.1","X17.1","X18.1","X19.1","X20.1","X1.2","X2.2","X3.2","X4.2","X5.2","X6.2","X7.2","X8.2","X9.2","X10.2","X11.2","X12.2","X13.2","X14.2","X15.2","X16.2","X17.2","X18.2","X19.2","X20.2","X1.3","X2.3","X3.3","X4.3","X5.3","X6.3","X7.3","X8.3","X9.3","X10.3","X11.3","X12.3","X13.3","X14.3","X15.3","X16.3","X17.3","X18.3","X19.3","X20.3","X1.4","X2.4","X3.4","X4.4","X5.4","X6.4","X7.4","X8.4","X9.4","X10.4","X11.4","X12.4","X13.4","X14.4","X15.4","X16.4","X17.4","X18.4","X19.4","X20.4","X1.5","X2.5","X3.5","X4.5","X5.5","X6.5","X7.5","X8.5","X9.5","X10.5","X11.5","X12.5","X13.5","X14.5","X15.5","X16.5","X17.5","X18.5","X19.5","X20.5","X1.6","X2.6","X3.6","X4.6","X5.6","X6.6","X7.6","X8.6","X9.6","X10.6","X11.6","X12.6","X13.6","X14.6","X15.6","X16.6","X17.6","X18.6","X19.6","X20.6","X1.7","X2.7","X3.7","X4.7","X5.7","X6.7","X7.7","X8.7","X9.7","X10.7","X11.7","X12.7","X13.7","X14.7","X15.7","X16.7","X17.7","X18.7","X19.7","X20.7","X1.8","X2.8","X3.8","X4.8","X5.8","X6.8","X7.8","X8.8","X9.8","X10.8","X11.8","X12.8","X13.8","X14.8","X15.8","X16.8","X17.8","X18.8","X19.8","X20.8","X1.9","X2.9","X3.9","X4.9","X5.9","X6.9","X7.9","X8.9","X9.9","X10.9","X11.9","X12.9","X13.9","X14.9","X15.9","X16.9","X17.9","X18.9","X19.9","X20.9","X1.10","X2.10","X3.10","X4.10","X5.10","X6.10","X7.10","X8.10","X9.10","X10.10","X11.10","X12.10","X13.10","X14.10","X15.10","X16.10","X17.10","X18.10","X19.10","X20.10","X1.11","X2.11","X3.11","X4.11","X5.11","X6.11","X7.11","X8.11","X9.11","X10.11","X11.11","X12.11","X13.11","X14.11","X15.11","X16.11","X17.11","X18.11","X19.11","X20.11","X1.12","X2.12","X3.12","X4.12","X5.12","X6.12","X7.12","X8.12","X9.12","X10.12","X11.12","X12.12","X13.12","X14.12","X15.12","X16.12","X17.12","X18.12","X19.12","X20.12","X1.13","X2.13","X3.13","X4.13","X5.13","X6.13","X7.13","X8.13","X9.13","X10.13","X11.13","X12.13","X13.13","X14.13","X15.13","X16.13","X17.13","X18.13","X19.13","X20.13","X1.14","X2.14","X3.14","X4.14","X5.14","X6.14","X7.14","X8.14","X9.14","X10.14","X11.14","X12.14","X13.14","X14.14","X15.14","X16.14","X17.14","X18.14","X19.14","X20.14","X1.15","X2.15","X3.15","X4.15","X5.15","X6.15","X7.15","X8.15","X9.15","X10.15","X11.15","X12.15","X13.15","X14.15","X15.15","X16.15","X17.15","X18.15","X19.15","X20.15","X1.16","X2.16","X3.16","X4.16","X5.16","X6.16","X7.16","X8.16","X9.16","X10.16","X11.16","X12.16","X13.16","X14.16","X15.16","X16.16","X17.16","X18.16","X19.16","X20.16","X1.17","X2.17","X3.17","X4.17","X5.17","X6.17","X7.17","X8.17","X9.17","X10.17","X11.17","X12.17","X13.17","X14.17","X15.17","X16.17","X17.17","X18.17","X19.17","X20.17","X1.18","X2.18","X3.18","X4.18","X5.18","X6.18","X7.18","X8.18","X9.18","X10.18","X11.18","X12.18","X13.18","X14.18","X15.18","X16.18","X17.18","X18.18","X19.18","X20.18","X1.19","X2.19","X3.19","X4.19","X5.19","X6.19","X7.19","X8.19","X9.19","X10.19","X11.19","X12.19","X13.19","X14.19","X15.19","X16.19","X17.19","X18.19","X19.19","X20.19","X1.20","X2.20","X3.20","X4.20","X5.20","X6.20","X7.20","X8.20","X9.20","X10.20","X11.20","X12.20","X13.20","X14.20","X15.20","X16.20","X17.20","X18.20","X19.20","X20.20","X1.21","X2.21","X3.21","X4.21","X5.21","X6.21","X7.21","X8.21","X9.21","X10.21","X11.21","X12.21","X13.21","X14.21","X15.21","X16.21","X17.21","X18.21","X19.21","X20.21","X1.22","X2.22","X3.22","X4.22","X5.22","X6.22","X7.22","X8.22","X9.22","X10.22","X11.22","X12.22","X13.22","X14.22","X15.22","X16.22","X17.22","X18.22","X19.22","X20.22","X1.23","X2.23","X3.23","X4.23","X5.23","X6.23","X7.23","X8.23","X9.23","X10.23","X11.23","X12.23","X13.23","X14.23","X15.23","X16.23","X17.23","X18.23","X19.23","X20.23","X1.24","X2.24","X3.24","X4.24","X5.24","X6.24","X7.24","X8.24","X9.24","X10.24","X11.24","X12.24","X13.24","X14.24","X15.24","X16.24","X17.24","X18.24","X19.24","X20.24","X1.25","X2.25","X3.25","X4.25","X5.25","X6.25","X7.25","X8.25","X9.25","X10.25","X11.25","X12.25","X13.25","X14.25","X15.25","X16.25","X17.25","X18.25","X19.25","X20.25","X1.26","X2.26","X3.26","X4.26","X5.26","X6.26","X7.26","X8.26","X9.26","X10.26","X11.26","X12.26","X13.26","X14.26","X15.26","X16.26","X17.26","X18.26","X19.26","X20.26","X1.27","X2.27","X3.27","X4.27","X5.27","X6.27","X7.27","X8.27","X9.27","X10.27","X11.27","X12.27","X13.27","X14.27","X15.27","X16.27","X17.27","X18.27","X19.27","X20.27","X1.28","X2.28","X3.28","X4.28","X5.28","X6.28","X7.28","X8.28","X9.28","X10.28","X11.28","X12.28","X13.28","X14.28","X15.28","X16.28","X17.28","X18.28","X19.28","X20.28","X1.29","X2.29","X3.29","X4.29","X5.29","X6.29","X7.29","X8.29","X9.29","X10.29","X11.29","X12.29","X13.29","X14.29","X15.29","X16.29","X17.29","X18.29","X19.29","X20.29","X1.30","X2.30","X3.30","X4.30","X5.30","X6.30","X7.30","X8.30","X9.30","X10.30","X11.30","X12.30","X13.30","X14.30","X15.30","X16.30","X17.30","X18.30","X19.30","X20.30","X1.31","X2.31","X3.31","X4.31","X5.31","X6.31","X7.31","X8.31","X9.31","X10.31","X11.31","X12.31","X13.31","X14.31","X15.31","X16.31","X17.31","X18.31","X19.31","X20.31","X1.32","X2.32","X3.32","X4.32","X5.32","X6.32","X7.32","X8.32","X9.32","X10.32","X11.32","X12.32","X13.32","X14.32","X15.32","X16.32","X17.32","X18.32","X19.32","X20.32","X1.33","X2.33","X3.33","X4.33","X5.33","X6.33","X7.33","X8.33","X9.33","X10.33","X11.33","X12.33","X13.33","X14.33","X15.33","X16.33","X17.33","X18.33","X19.33","X20.33","X1.34","X2.34","X3.34","X4.34","X5.34","X6.34","X7.34","X8.34","X9.34","X10.34","X11.34","X12.34","X13.34","X14.34","X15.34","X16.34","X17.34","X18.34","X19.34","X20.34","X1.35","X2.35","X3.35","X4.35","X5.35","X6.35","X7.35","X8.35","X9.35","X10.35","X11.35","X12.35","X13.35","X14.35","X15.35","X16.35","X17.35","X18.35","X19.35","X20.35","X1.36","X2.36","X3.36","X4.36","X5.36","X6.36","X7.36","X8.36","X9.36","X10.36","X11.36","X12.36","X13.36","X14.36","X15.36","X16.36","X17.36","X18.36","X19.36","X20.36","X1.37","X2.37","X3.37","X4.37","X5.37","X6.37","X7.37","X8.37","X9.37","X10.37","X11.37","X12.37","X13.37","X14.37","X15.37","X16.37","X17.37","X18.37","X19.37","X20.37","X1.38","X2.38","X3.38","X4.38","X5.38","X6.38","X7.38","X8.38","X9.38","X10.38","X11.38","X12.38","X13.38","X14.38","X15.38","X16.38","X17.38","X18.38","X19.38","X20.38","X1.39","X2.39","X3.39","X4.39","X5.39","X6.39","X7.39","X8.39","X9.39","X10.39","X11.39","X12.39","X13.39","X14.39","X15.39","X16.39","X17.39","X18.39","X19.39","X20.39","X1.40","X2.40","X3.40","X4.40","X5.40","X6.40","X7.40","X8.40","X9.40","X10.40","X11.40","X12.40","X13.40","X14.40","X15.40","X16.40","X17.40","X18.40","X19.40","X20.40","X1.41","X2.41","X3.41","X4.41","X5.41","X6.41","X7.41","X8.41","X9.41","X10.41","X11.41","X12.41","X13.41","X14.41","X15.41","X16.41","X17.41","X18.41","X19.41","X20.41","X1.42","X2.42","X3.42","X4.42","X5.42","X6.42","X7.42","X8.42","X9.42","X10.42","X11.42","X12.42","X13.42","X14.42","X15.42","X16.42","X17.42","X18.42","X19.42","X20.42","X1.43","X2.43","X3.43","X4.43","X5.43","X6.43","X7.43","X8.43","X9.43","X10.43","X11.43","X12.43","X13.43","X14.43","X15.43","X16.43","X17.43","X18.43","X19.43","X20.43","X1.44","X2.44","X3.44","X4.44","X5.44","X6.44","X7.44","X8.44","X9.44","X10.44","X11.44","X12.44","X13.44","X14.44","X15.44","X16.44","X17.44","X18.44","X19.44","X20.44","X1.45","X2.45","X3.45","X4.45","X5.45","X6.45","X7.45","X8.45","X9.45","X10.45","X11.45","X12.45","X13.45","X14.45","X15.45","X16.45","X17.45","X18.45","X19.45","X20.45","X1.46","X2.46","X3.46","X4.46","X5.46","X6.46","X7.46","X8.46","X9.46","X10.46","X11.46","X12.46","X13.46","X14.46","X15.46","X16.46","X17.46","X18.46","X19.46","X20.46","X1.47","X2.47","X3.47","X4.47","X5.47","X6.47","X7.47","X8.47","X9.47","X10.47","X11.47","X12.47","X13.47","X14.47","X15.47","X16.47","X17.47","X18.47","X19.47","X20.47","X1.48","X2.48","X3.48","X4.48","X5.48","X6.48","X7.48","X8.48","X9.48","X10.48","X11.48","X12.48","X13.48","X14.48","X15.48","X16.48","X17.48","X18.48","X19.48","X20.48","X1.49","X2.49","X3.49","X4.49","X5.49","X6.49","X7.49","X8.49","X9.49","X10.49","X11.49","X12.49","X13.49","X14.49","X15.49","X16.49","X17.49","X18.49","X19.49","X20.49"
"1",0.287511458408974,0,0,0,0,0,0,0,0,0,0,0,0,0,0,0,0,0,0,-0.390920219176334,-0.376165212186788,0,0,0,0,0,0,0,0,0,0,0,0,0,0,0,0,0,0,0.338488464373324,-0.475916126726896,0,0,0,0.030010000570011,0,0,0,0,0,0,0,0,0,0,0,0,0,0,0.280901226992383,0.338220135519417,0,0,-0.37610649289637,-0.0233316422809797,0,0,0,0,0,0,0,0,0,0,0,0,0,0,-0.252540874518902,-0.259966723014628,0,0,0,0,0,0,0,0,0,0,0,0,0,0,0,0,0,0,-0.310701298203728,0.414152685006927,0,0,0,0,0,0,0,0,0,0,0,0,0,0.147410726272398,0.363743886496235,0,0,0,-0.314773108659977,0,0,0,0,-0.054224075910492,0,0,0,0,0,0,0,0,0,0,0,0,0,0,-0.265554145403855,0.513008139073754,0,0,0,0,0,0.0342797170182941,0,0,-0.106854444802669,0,0,0,0,0,0,0,0,0,0.242319943757164,0.181684934007945,0,0,0,0,0,0,0,0,0,0,0,0,0,0.143439252515511,0,0.0419639009652681,0,0,0.278551927430069,0.0711325521850252,0,0,0,0,0,0,0,0,0,0,0,0,0,0,0,0,0,0,-0.340762771717707,0.18826337132823,0,0,0,0,0,0,0,0,0,0,0,0,0,0,0,0,0,0,0.295332614751464,-0.245727655451632,0,0,0,0,0,0,0,0,0,0,0,0,0,0,0,0,0,0,0.326769515068903,-0.127709806526126,0,0,0,0,0,0,0,0,0,0.123209734282011,0,0,0,0,0,0,0,0,-0.224754683422081,-0.373978654101479,0,0,0,0,0,-0.182618091723478,0,0,0,0,0,0,0,0,0,0,0.250219649444576,0,-0.191308874614694,-0.479209751921594,0,0,0.0902947125608608,0,0,0,0,0,0,0,0,0.133664375628056,0.0288417740900913,0,0,0,0,0,-0.286325627953754,-0.241774168656027,0,0,0,0,0,0,0,0,0,0,0,0,0,0,0,0,0,0,-0.339126432244618,0.472763236982459,-0.162183813050758,0,0.0346458602328807,0,0,0,0,0,0,0,0.0498988369732174,0,0,0,0,0,0,0,-0.282613571581332,0.22544775717956,0,0,-0.0361032531812683,-0.0502883680829997,0,0,0.0661598948338605,0,0,0,0,0,0,0,0,0,0,0,0.308865361054354,0.129668027423563,0,0.128692576619125,0,0,0,0,0,0,0,0,-0.0397936079843162,0,0,0,0,0,0,0,-0.233068764283626,-0.0556213051623996,0,0,0,0,0,0,0,0,0,0.130736550832436,0,0,0,0,0,0,0,0,-0.330495720020709,-0.0346972198966342,0,0,0,0,0,0,0,0,0,0,0,-0.240055794321869,0,0,0,0,0,0,0.290802251569119,-0.283343339058916,0.231184381143243,0,0,0,0,0,0,0,0,0,0,0,0,0,0,0,0,0,0.362834033705401,0.45719881535196,0,0,0,0,0,0,0,0,0,0,0,0,0,0,0,0,0,0,0.319171411774244,-0.231873978095927,0,0,0,0,0,0,0,0,0,0,0,0,0,0,0,0,0,0,0.348395558330902,-0.174251504984848,0,0,0,0,0,0,0,0,0,0,0,0,0,0,0,0,0,0,0.296325779194203,0.291112192534488,0,0,0,0,0,0,0,0,0,0,0,0,0,0,0,0,0,0,0.306134635720538,-0.202344630547345,0,0,0,0,0,0.17148977735199,0,0,0,0,0,0,0,0,0,0,0,0,-0.302436164523648,-0.190958307992178,0,0,0,0,0,0,0,0,-0.0211990285050564,0,0,0,0,0,0,0,0,0,0.337049293437399,-0.358576228441722,0,0,0,0.0591206745317363,0,0,0,0,0,0,0,0,0,0,0,0,0,0,-0.318804278604258,0.126295402528458,0,0,0,0,0,0,0,0,0,0,0,0,0,0,-0.0227857716506297,0,0,0,-0.281378644579135,-0.151053445530683,0,0,0,0,0,0,0,0,0,0,0,0,0,0,0,0,0,0,-0.247990749930749,-0.229908204909459,0,0,0,0,0,0,0,0,0,0,0,0,0,0,0,0,0,0,0.288104587735273,0.343352684572586,0,0,0,-0.0211913991348455,0,0,0,0,0,0,0,0,0,0,0,0,0,0,0.281598916920552,-0.548765286811957,0,0,0.113690052382144,0.0298974104052726,0,0,0,0,0.142910587469844,0,0,-0.03262277028037,0,0,0,0.0215028882135382,0,0,-0.291796448420401,0.304869471270757,0.163555207912667,0.167742649351132,0,0,0,0,0,0,0,0,0,0,0,0,0,0,0,0,0.330997440383017,0.351857350194573,0,0,0,0,0,0,0,0,0.190659405634976,0,0,0,0,0,0,0,0,0,-0.260396785461832,-0.354913183946057,0,0,-0.136800463012073,-0.0369925639835299,0,0,0,0,0,0,0.034791543396109,0,0,0,0.0609278477037963,0,0,0,-0.220204869263198,-0.203219464176873,0,0,0,0,0,0,0.0401619011308441,0,0.158323452994612,0,0,0,0,0,0,0,0.193241199535075,0,-0.344891727220624,0.565580400081795,0,0,0,0,0,0,0,0,0,0,0,0,0,0,0,0,-0.0336326693937242,0,0,0.170603481163784,0,0,0,-0.0271687587894078,0,0,0,0,0,0,0,0.0318503738035114,0,0,0,0,0,0,-0.376923677492481,-0.502654725017452,0,0,0,0,0,0,0,0,0,0,0,0,0,0,0,0.0243462939720563,0,0.0227002760952539,-0.318221736725988,-0.314228311940279,0,0,0,0,-0.0406650133573912,0,0,0,0,0,0,0,0.0622739507104413,-0.0203985390009273,-0.0274256404835916,0,0,0,0.263238103677233,-0.354356813634532,-0.225210241844027,0,0,-0.0600518673502078,0,0,0,0,0,0,0,0,0,0,0,0,0,0,-0.284197655412774,-0.19800842889565,0,0,0,0,0,0,0,0,0,0,0,0,0,0,0,0,0.249635038928854,0,-0.342350411927718,-0.0693392887330533,0,0,0,0,0,0,0,0,0,0,0,0,0,0,0,-0.0300769899119952,0,0,0.306372760649831,0.571036314950447,0,0,0,0,0,0,0,-0.0807583363689939,0,0,0,0,0,0,0,0,0,0,0.30042225519886,0.146840710768579,0,0,0,0,0,0,0,0,0,0.0643856355742327,0,0,0,0,0,0,0,0,-0.158236772801048,-0.535782081011033,0,0,0,0,0,0,0,0,0,0,0,0.122773030642258,0,0,0,0,0,0,-0.43070100957913,-0.39684307894395,0,0,0,0,0,0,0,0,0,0,0,0,0,0,0,0,0,0,0.323540831375194,-0.249558287201083,0,0,0,0,0,0,0,0,0,0,0,0,0,0,0,0,0,0,0.278933709635325
"2",0,-0.242414884269169,0,0,0,0,0,0,0,0,0,0,0.168683883527218,0,0.325094642544958,0,0,0,0,0.253539506228981,-0.0667289551522919,-0.523053503662324,0,0,0,0,0,0,0.119064917887833,0,0,0.0750783314014412,0,0.257128865085176,0,0,0,0,0.0693750212937602,0.359776509821383,0,0.108876574804795,0,0,0,0,0,0,0,0,0,0,0,0,0,0,0,0,0,0.223476491628818,0,0.0977787377955644,-0.222150926127917,0,0,0,0,0,0,0,0,0,0,0,0,0,0,0,-0.0762426299695935,-0.330504299487555,0,0.378291592054773,0,0,0,0.028336610169483,0,0,0,0,0,0,0,0.0479522421236048,0,0,0.0466758079335374,0,0.0354487441415481,0.219773356778725,0,-0.144315835348452,0,0,0,0,0,0,0,0,0,0,0,0,0,0,0,0,0,-0.287802156852734,0,0.152911651889169,0,0,0,0,0,0,0,0,0,0,0,0,0,0,0,0,0.0364638024713453,0.305618620031269,0,0.116705299266212,0,-0.0268638522344875,0,0,0,0,0,0,0,0,0,0,0,0,0,0,0.0286874400440978,-0.32533139062035,0,-0.0928593067412811,0,0,0,0,0,0,0,0,0,0,0,0,0,0,0,0,0,0.282870657109995,0,0.147488473006393,0,0,0,0,0,0,0,0,0,0,0,0,0.313919324691371,0,-0.0318319019933611,0,0,-0.288598176433507,0,0.224269797421777,0,0.111979901592458,-0.0956491116298119,0,0,0,0,0,0,0,0,0,0,0,0,0,-0.0231612797211399,-0.131683305261266,0,-0.27563772039885,0,0,0,0,0,0,-0.370267552499582,0,0,0,0,0,0,0,0,0,-0.0222744322545846,-0.264525791484827,0,0.144552972497116,0,0,0,-0.141944516830748,0,0,0,0,-0.05541272304764,0,-0.208107860400097,0,0,0,0,0,0.0296449331255703,0.435121310713594,0,0.300739824005583,0,0,0,0,0,0,0,0,0,0,0,0,0,0,0,0,0,0.291061023826973,0,0,0,0,0,0,0,0,0,0,0,0,0,0,0,0,0,0,0,0.248446101098474,0,0.349873896744933,0,0,0,0,0,0,0,0,0,0,-0.061267624391123,0,0,0.139781124021675,0,0,0,-0.273654942356856,0,0.308313406160244,0,0,0,0,0,0,0,0,0,0,0,0,0,0,0,0,0,0.312839114558851,0,-0.453449277689766,0,0,0,0,0,0,0,0,0,0,0,0,0,0,0,0,0,0.319938230838373,0,0.03456285643411,0,0,0,0,0,0,0,0,0,0,0,0.221446699890493,0,0,0,0,0,-0.303013695541688,0,0.295517008663008,0,0,0,0,0,0,0,0,0,0,0,0,0,0,0,0,0,-0.276633700005291,0,-0.229656531014746,-0.118056579505621,0,0,0,0,0,0,0,0,0,0,0,0,0,0,0,0,0.325251108407432,0,-0.273643167622964,0,0,0,0,0,0,0,0,0,0,0,0,0,0,0,0,0,-0.301259410467665,0,-0.186261149813652,0,0,0,0,0,0,0,0,0,0,0,0,0,0,0,0.256878870214498,-0.0243409203293484,0.377298179524703,0,-0.0430604438273781,0,0,0,0,0,0,0,0,0,0,0,0,0,0,0,0,0.0362972497850938,0.162281783790321,0,0.329439914410532,0,0,0,0,0,0,0,0,0,0,0,0,0,0,0,-0.220606302474444,0,-0.318102454950548,0,-0.104009520345292,0,0,0,0,0,0,0,0,0.203168007163353,0,0,0,0,0,0,0,0,0.236022107566175,0,0.0586655952423279,0,0.0629774730404116,0,0,0,0,0,0,0,0,0,0,0,0,0,0,0.0211029296929554,0.262942653853372,0,0.409502123956825,0,0,0,0,0,0,0,0,0,0,0,0,0,0,0,0,0,0.33038605272343,0,0.0832716536984856,0,0,0,0,0,0,0,0,0,0,0,0,0,0,0,0,0,0.307382030435323,0,-0.032086506574175,0,0,0,0,0,0,0,0,0,0.025528931712697,0,0,0,0,-0.0416144778825496,0,0,0.314687897899283,0,-0.482574766942019,0,0,0,0,0,0,0,0,-0.261290424346608,0,0,0,0,0,0,0,-0.104321592100358,0.181099081597124,0,0.117786491385116,0,0,0,0,0,0,0,0,0,0,0,0,0,0,0,0,0,0.180071493906137,0,0.277550639329213,0,0,0,0,0,0,0,0,0,0,0,0,0,0,0,0,0,0.323674887680834,0,-0.122629185904876,0,0,0,0,0,0,0,0,0,0,0,0,0,0,0,0,0,0.235078536753032,0,-0.257512485489423,0,0,0,0,0,0,0,0,0,0,0,0,0,0,-0.0397889634047294,0,0,0.226535441121694,0,0,0,0,0,0,0,0,0,0,0,0,0,0,0,0,0,0,0,-0.26790103484756,0,0,0,0,0,0,0,0,0,0,0,0,0,0,0,0,-0.0228365346955793,-0.170516315600845,0.0399347413048947,0.265151149438878,0,-0.292339867159733,0,0,0.115723734921762,0,0,0,0,0,0,0,0,0,0,0,0,0,0,-0.309790967988843,0,-0.30925487581124,0,0,0,0,0,0,0,0,0,0,0,0,0,0,0,0,0,-0.364891711498681,0,-0.188831672985694,0.312675974017471,0,0,0,0,0,0,-0.0421114312143637,0,0,0,0,0,0.200141847218809,0,0,0,-0.269390920961453,0,-0.361882394183443,-0.0217558332548461,0,0,0,0,0.0205894186206136,0,0,0,0,0,0,0,0,-0.0202289315409678,0,-0.0247989246920735,0.357777251554113,0,0.210483152673089,0,0,0,0,0,0,0,0,0,0,0,0,0,0.0859418976166699,0,0,-0.038982452871073,-0.153595218244145,0,0.182654281600204,0,0,0,0,0,0,0,0,0,0,0,0,0,0,0,0,0.0373349033101384,0.304563037713986,0,0.163264811694564,0,0,0,0,0,0,0,0,0,0,0,0,0,0,0,0,-0.0751010749981278,-0.346664281525955,0,0.216358314039219,0,0,0,0,0,0,0,0,0,0,0,0,0,0.223757025696696,0,0,0,0.387348981142828,0,0.380040160995531,0,0,0,0,0,0,0,0,0,0,0,0,0,0,0,0,-0.0250726528161906,-0.374466507497441,0,-0.307576696917146,0,0,0,0,0,0,0,0,0,0,0,0,0,0,0,0,-0.0260363530266141,-0.338153798341503,0,-0.0355682158177999,0,0,0,0.123903996368676,0,0,0,-0.129073039162095,0,0.0560871223463008,0,0,0,0,-0.0548861001519752,0,0.047303694100142,0.342547726658634,0,0.279364702828176,0,0,0,0,0,0,0,0,0,0.0207249407601049,0,0,0,0,0,0,0,0.29546241003743,0,0.245001677252587,0,0,0,0,0,0,0,0,0,0,-0.144816887634385,0,0,0,0,0,0,-0.350974444346442
"3",0,0,-0.216483981111983,0,0,0,0,0,0,0,0,0,0,0,0,0,0,0,0,0,0,0,0.259846364142776,0,0,0,0,0,0,0,0,0,0,0,0,0,0,0,0,0,0,0,-0.190287145469048,0,0,0,0,0,0,0,0,0,0,0,0,0,0,-0.285831603772363,0,0,0,0,-0.349266110390983,0,0,0,0,0,0,0,0,0,0,0,0,0,0,0,0,0,0,0,0.305511143489284,0,0,0,0.428268664719307,0,0,0,0,0,0,0,0,0,0,0,0.103601300730315,0,-0.224597434083902,0,-0.242357189067456,0,0,0,0,0,-0.110651132275006,0,0,0,0,0,0,0,0,-0.31153732769612,0,0,0,0,0.0959946377170052,0,0,0,0,0,0,0,0,0,0,0,0,0,0,0,0,0,0,0,0.4759635662708,0,0,0,0,0,0,0,0,0.219270055350863,0,0,0,0,-0.228159913294814,0,0,0,0,0,0.239374211196785,0,0,0,0,0,0,0,0,0,0,0,0,0,0,0,0,0,0,0,0.342689878467963,0,0,0,-0.112451156904253,0,0,0,0,-0.139096293155856,0,0,0,0.065440613116176,0,0,0,0.300584315712842,0,0,0.0579895996956592,0.0495989002289097,-0.294657250831627,0,0,0,0,0,0,0,0,0,0.181236917748171,0,0.0734007707488484,0.0938243096826249,0,0,0,0,0.25622376154487,0,0,0,0.145802972519095,0,0,0,0,0,0,0,0,0,0,0,0,0,0,0,-0.155287864863341,0,0,0,0,0,0,0,0,0,0.137007552035083,-0.340595650247995,0,0,0,0,0,-0.104612727786017,0,0,-0.389593415295586,0,0,0,0,0,0,0,0,0.294962865363931,0,0,0,0,0,0,0,0,0,0,0.152556822774768,0,0,0,0,0,0,0,0,0,0,0,0,0,0,0,0.146872885577077,0,0,0,-0.341307316323255,0,0,0,0,0,0,0,0,0,0,0,0,0.17036081171338,0,0,0.0228792003288227,0,0,0,0.429345456422753,0,0.133394180303187,0.326057476646851,0,-0.0213977170607525,0,0,0,0,0,0,0,0,0,0,0,0,0,0,-0.236652312730762,0.463094502743338,0,0,0,0,0,0,0,0,0,-0.217566223352353,0,0,0,0,0,0,0,0,-0.217581207047979,0,0,0,0,0,0,0,0,0,0,0,0.207250724670991,0,0,0,0,0,0,0,0.415186424111375,0,0,0,0,0,0,0,0,0,0,0,0,0,0,0,0,0,0,0,-0.227962903776637,0,0,0,0,0,0,0,-0.293691372528942,0,0,0,0,0.073314149695473,-0.234590618755571,0,0,0,0,0,0.093555681561364,0,0,0,0,0,0,0,0,0,0,0,0,0,-0.232463544782157,0,0,0,0,0,-0.0532940280487127,0,0,0,0,0,-0.101705247614963,0,0,0,0.344524352538287,0,0.0815061163977978,0,0,0,0,0,0.155585565219101,0,0.110057427475305,0,0,0,0,0,0,0,0,0,0,0,0,0,0,0,0,0,0,0,-0.248191476676166,0,0,0,0,0,0,0,0,0,0,0,0,0,0,0,0,0,0,0,0.397582889921104,0,0,0,0,0,0,0,0,0,0,0,0,0,0,0,0,0,0,0,-0.113241812537284,0,0,0,0,0,0,0,0,0,0,0,0,0,0,0,0,0,0,0,0.343695994274197,0,0,0,0,0,0,0,0,0,0,0,0,0,0,0,0,0,0,0,-0.297813118918962,0,0,0,0,0,0,0,0,0,0,0,0,0,0,0,0,0,0,0,-0.375475784925104,0,-0.159527774736143,-0.0661955075413025,0,-0.223947710885868,0,0,0,0,0,0,0,0,0,0,0,0.0403767633631637,0,0,-0.271109653833833,-0.220392085641994,0,0,0,0,0,0,-0.173623736504271,0.258168579116337,0,0,0,0,0,0,0,0,0,0,-0.130755755803307,0,0,0,0,0,0,0,0,0,0,0,0,0,0,0,0,0,0,0,0,0,0,0,0,0,0,0,0,0,0,0,0,0,0,0,0,0,0,0,0.0974420145750498,0,0,0,0,0,0,0,0,0,0,0,0,0,-0.321023140655104,0,0,0,0,0,0.229747917116181,0,0,0,0,0,0,0,0,0,0,0,0,0,0,0,0,0,0,0,0.258542793215268,0,0,0,0,0,0,0,0,0,0,0,0,0,0,0,0,0,0,0,-0.444707151260312,0,0,0,0,0,0,0,0,0,0,-0.302706727498771,0,0,0,0,0,0,0,0,0,0,0,0,0,0,-0.0634274862625633,0,0,0,0,0,0,0,0,0,0,0,0,0,-0.213236622485001,0,0,0,0,0,0,0,0,0,0,0,0,0,0,0,0,0,0,0,0.309322586494156,0,0,0,0,0,0,0,0,0,0,0,0,0,0,0,-0.173922975313195,0,0,0,-0.356622130357597,0,0,0,0,0,0,0,0,0,0.203678127957699,0,0,0,0,0,0,0,0,0,-0.337864690000535,0,0,-0.276233316372325,0,0,0,0,0,0,0,0,0,0,0,0,0,0,0,0,0.109446264215234,0,0,0,0,0,0,0,0,0,0,0,0,0,0,0,0,0,0,0,0,0,0,0,0,0,0,0,0,0,0,0,0,0,0,0,0,0,0,0,-0.20585254840601,0,0,0,0,0,0,0,0,0,0,0,0,0,0,0.307286980178181,0,0,-0.088615882659713,0,0.41733802394321,0,0,0,0,0,0,0,0,0,0,0,-0.332510311559083,0,0,0,0,0,0,0,0.349035604065116,0,0,0,0,0,0,0,0,0,0,0,0,0,0,0,0,0,0,0,0.339773552758057,0,0.0355841188161296,0,0,0,0,0,0,0,0,0,0,0,0,0,0,0,0,0,0,0,-0.095908855407728,0,0,0,0,0,0,0,0,0,0,0,0,0,0,0,0,0,-0.0521239935233352,0,0.379737278070515,0,0,0,0,0,0,0,0,0,0,0,0,0,0,0
"4",0,0,0,0.379663136276752,-0.202275316015374,0,0,0,0,0,0,0,0,0,0,0,0,0,0,0,0,0,0,0.238630177592581,-0.226713333199468,0,0,0,0,0,0,0,0,0,0,0,0,0,0,0,0,0,0,-0.200223961171759,-0.339922067220517,0,0.11799522182876,0,0,0,0,0.155114100465317,0,0,0,0,0,0,0,0,0,0,0,-0.0371576339128234,-0.241324040609653,0,0,0,-0.0592422256603704,0,0,0,0,0,0,0,0,0,0,0,0,0,0,-0.345913688387024,0.304974381330953,0,0,0,0,0,0,0,0,0,0,0,0,0,0,0,-0.20225394556147,0,0.108078160541992,0.386492799944389,0.264410389313341,0,0,0,0,0,0,0.0414858121837115,0,0,0,0,0,-0.0293569572793019,0.0697837441312405,-0.0483136833053232,0,0,0,0.380906981262899,-0.27553687128235,0,0,0,-0.113395331722845,0,0,0,0,0,0,0,0,0,-0.0561157544836306,0,0,0,0,-0.091010006471982,-0.212378770560312,0,0,0,0,0,0,0,0,0,0,0,0,0,0,0,0,0,0,0.227070085811633,-0.150209996781218,0,0.0936445449858878,0,0,0,0,-0.0945078427989709,0,0,0,0,0,0,0.0228975720943885,0,0.0505398512610813,0,0,0.390638833419161,0.327492884659975,0,0,-0.0343096687074554,0,0,0,0,0,0,0,0,0,0,0,0,0,0.39339257612607,0.285222068941458,0.169090495634346,-0.0738159367859288,0,0,0,0,0,-0.0840153582546287,0.0447103766199554,0,0,0,-0.173278619983965,0,0.0378389008796065,-0.023450587823221,0,0,0,-0.110347174341126,0.319566491950112,0.300227336120082,0,0,0,0,0,0,0,0,0,0,0,0,0,-0.0240693778809024,0,0,0,0,0,-0.283953094160471,0,0,0,0,0,0,0,0,-0.197884424115354,0,0,-0.160735729490067,0,-0.0233469711384315,-0.0238149079824949,0,0,0,0.363365724639188,0.202051932255227,0,0,0,0,0,0,0,0,0,0,0,0,0,0.0546000119082354,0,0,0,0,-0.125174053182018,-0.286246840022614,0,0,0,0,0,0,0,0,0,0,0,0,0,0,0,0,-0.209264298508918,0,0.372631447866371,0.272212515880576,0,0,0.0345255264266398,0,0,0,0,0,0,0,0,0,0,0.0239231769419752,0,0,0,0,0.356607828312209,-0.335602070745311,0,0,0,0,0,0,0,0,0,0.267740706801151,0,0,0,0,0,0,0,0,-0.365577634220497,-0.266036883053656,0,0,0,0,0,0,0,0,0,0,0,0,0,0,0,0,0,0,-0.034150577002118,-0.27208018826987,0,0,0,0,0,0,0,0,0,0,0,0,0,0,0,0,0,0,-0.114931641216633,0.247405041881088,0,0,0,0,0,0,0,0,0,0,0,0,0,0,0,0,0,0,-0.106536849662942,-0.244849447008532,0,0,0,0,0,0,0,0,0,0,0,0,0,0.0779169630332943,-0.0268642957045898,0,0,0,-0.296616624894321,-0.324560452485275,0,0,0,0,0,0,0,0,0,0,0,0,0,0,0,0,0,0,-0.0635373461457416,0.287848092274042,0,0,0,0,0,0,0,0,0,0,0,0,0,0,0,0,0,0,0.427710662307092,-0.219531807665068,0,0,0,0,0,0,0,0,-0.0430610315648959,0,0,0,0,0,0,0,0,0,-0.445588695457829,0.306215435172016,0,-0.130303392949125,0,0,0,0,0,0,0,0,0,0,0,0.0274847063071759,0,0,0,0,0.0635565997685511,0.193861288170213,0,0.221475099686504,0,0,0,0,0,0,0,0.170382472023627,0,0,0,0,0,0,0,0,0.409277345597426,0.188125653799514,0,0,0,0,0,0,0,0,0,0,0,0,0,0,0,0,0,0,-0.51122820119483,0.264002143856795,0,0,0,0,0,0,0,0,0,0,0,0.279181230503046,0,-0.0261689126250993,0,0,0,0,-0.0371043284225334,0.187377023906623,0,0,0,0.210390060142435,0,0,0,0,0,0.137553893392684,0,0,0,0,0,0,0,0,-0.318882478093335,-0.197784902527923,0,0,0.0325759041017512,0.0349550232699333,0,0,0,0,0.0430359752621764,0,0,0,0,0,0,0,0,0,-0.444265305453852,-0.235933334482723,0,0,0,0,0,0,0,0,0,0,0,0,0,0,0,0.270954518656267,0,0,-0.223451834453395,-0.21971097234831,0,0,0,0,0,0,0,0,0,0,0,0,0,0,0,0,0,0,0.324788550823695,-0.172117192792027,0,0,0,0,0,0,0,0,0,0,0,0,0,0,0,0,-0.185846466337211,0,-0.447454730909906,0.129026720344384,0,-0.0345549303727165,0,0,0,0,0.249918821378739,0,0,0,0,0,0,0,0,0,0,0,0.071497240605331,0.331814180559495,0,0,0,0,0,0,0,0,0,0,0,0,0,0,0,0,0,0,0,-0.249152926700019,0,0,0,0,0,0,0,0,0,0,0,0,0,0,0,0,0,0,-0.0507029345303045,-0.198899532655479,0,0,0,-0.028248265526195,0,0,0,0,0,0,0,0,0,0,0,0,0,0,0,0.271219563927093,0,0,0,0.112621052208544,0,0,0,0,0,0,0,0,0,0,0,0,0,0,-0.156743407091922,-0.188771083155446,0,0,-0.0316510533552922,0,0,0,0,0,0,0,0,-0.079611406323077,0,0,0,0,0,0,-0.047792764929523,0.161212784283929,0,0,0,0,0,0,0,0,-0.0909809401910081,0,0,0,0,0,0,0,0,0,0.225482400150381,-0.233675770553617,0,0,0,0,0,0,0,0,0,0,0,0,0,0,0,0,0,0,-0.14658298280458,-0.231961115735731,0,0,0,0,0,0,0,0,0,0,0,0,0,0,0,0,0,0,0.431490171998467,-0.175850856362559,0,0,0,0,0,0,0,0,0,0,0,0,0,0,0,0,0,0,-0.374756034866474,0.320024598638796,0,0,0,0,0,0,0,0,0,0,0,0,0,0,0,0,0,0,0.0260394101395242,-0.277172294041376,0,0,0,0,0,0,0,0,0,0,0,0,0,0,0,0,0,0,-0.0243490531586978,-0.205206937102785,0,0,0.0323239345023637,0,0,0,0,0,0,0,0.0996455592209263,0,0,0,0,-0.173156264681235,0,0,0.421467035448942,0.136433460667029,0,0,0,0,0,0,0,0,0,0,0,0,0,0,0,0,0,0,-0.259822078714149,-0.194774151438535,-0.219146663750982,0,0,0,0,0,0,0,0,0,0,0,0,0,0,-0.204060091355255,0,0,0.0612672128684323,0.338505880216765,0,-0.07837967838245,0,0,0,0,-0.156332780806213,0,-0.361251699322118,0,0,0,0,0,0,0,0,0,0.2045572838911,0.179034092714954,0,0,0,0,0,0,0,0,0,0,-0.379386143366608,0.39550097878311,0,-0.0502222098090305,-0.0358723648789494
"5",0,0,0,0,0.0308212451527362,0,0,0,0,0,0,0,0,0,0,0,0,0,0,0,0,0,0,0,-0.389053011377808,0,0,0,0,0,0,0,0,0,0,0,0,0,0,0,0.141475349140195,0,0,0,0,0,0,0,0,0,-0.31677278755845,0,0,0,0,0,0.235087802159983,0,0,0,0,0,0,0,-0.327578370459722,0,0,0,0,0,0,0,0,0,0,0,0,0,0,0,0,0,0,0,-0.301232188239222,0,0,0,0,0,0,0,0,0,0,0,0,0,0,0,0,0,0,0,-0.341556277161576,0,0,0,0,0,0,0,0.252141494422922,0,0,0,0,0,0,0,0,0,0,0,-0.210030285015445,0,0,0,0,0,0,0,0,0,0,0,0,0,0,0,0,0,0,0,0.396597980254004,0,0,0.206399158738219,0,0,0,0,0,0.0624156665488966,0,0,0,0,0,0,0,0,0,0,-0.198400135684056,0,0.223110689663219,0.0317168428550072,0,0,0,0.0395589943622623,0,-0.533039576557127,0,0,0,0,0,0,0,0,0,0,0.305639748691134,0,0,0,0,0,0,0,0,0,0,0,0,0,-0.196380002732464,0,0,-0.375436104812256,0,-1.0465269295388,0.0660396783154424,-0.120442762311582,0,0,0,0,0.561389326270638,0,0,0,0,0,0,-0.162817519228983,0,0,0,0,0,0,0.288718073539425,0,0,0,0,0,0,0,0,0,0,0,0,0,0,0,0,0.105399031511714,0,0,-0.347099770383224,0,0,0,0,0,0,0,0,0,-0.157628115997198,0,0,0,0,0,0,0,0,0,-0.259278814362486,0.194828668641357,0,0,0,0.250487561966046,0,0,0,0,0,0,0,0,0,0,0,0,0,0,0,0,0,0,0,0,0,0,0,0,0,0,0,0,0,0,0,0,0,0,0.283940786976055,0,0,0,0,0,0,0,0,0,0,0,0,0,0,0,0,0,0,0,0.124484318301461,0,0,0,0,0,0,0,0.157219837654127,0,0,-0.258586853112822,0,0,0,0,0,0,0,0,-0.259190207679688,0,0,0,0,0,0,0,0,0,0,0,-0.319773046582709,0,0,0,0,0,0,0,-0.0317626139764922,0,0,0,0,0,0,0,0,0,0,0,0,0,0,0,0,0,0,0,0.0714709359261504,0,0,0,0,0,0,0,0,0,0,0,0,0,-0.240651340385242,0,0,0,0,0,-0.0936004848901963,0,0,0,0,0,0,0,0,0,0,0,0,0,0,0,0,0,0,0,-0.0775219087848804,0,0,0,0,0,0,0,0,0,0,0,0,0,0,0,0,0,0,0,-0.105748876083969,0,0,0,0,0,0,0,0,0,0,0,0,0,0,0,0,0,0,0,0.13483643564898,0,0,0,0,0,0,0,0,0,0,0,0,0,0,0,0,0,0,0,0.0764847327158682,-0.0364986010115625,0,0,0,0,0,0,0,0,0,0,0.181319154379915,0,0,0,0,0,0,0,0.0756577415582911,0,0,0,0,0,0,0,0,0,0,0,0,0,0,0,0,0,0,0,-0.303838161516625,0,0,0,0,0,0,0,0,0,0,0,0,0,0,0,0,0,0,0,0.180387876381148,0,0,0,0,0,0,0,0,0,0,0,0,0,0,0,0,0,0,0,-0.285578149964428,0,0,0,0,0,0,0,0,0,0,0,0,0,0,0,0,0,0,0,-0.177681236358079,0,-0.323632513831813,0,0,0,0,0,0,0,0,0,0,0,0,0,0,0.153321513897936,0,0,0.309392443497919,0,0,0,0,0,0,0,0,0,0,0,0,0,0,0,0,0,0,0,-0.168733859392507,0,-0.184164199197139,0,0,0,0,0,0,0,0,-0.0327629808161118,0,0,0,0,0,0,0,0,-0.0219136305655101,0,0,0,0,0,0,0,0,0,0,0,0,0,0,0,0,0,0,0,-0.0540041608780524,0,0,0,0,0,0,0.318424930892281,0,0,0,0,0,0,0,0,0,0,0,0,-0.183926662855168,0,0,0,0,0,0,-0.192952944045601,0,0,0,-0.225831771575022,0,0,0,0,0,0,0,-0.145945264481215,0.386807814739712,0,-0.282943617718174,0.038006640367651,0,0,0,0,-0.0291553108163619,0,0,0,-0.479857478630939,0,0.0303856919057409,0,0,0,0,0,-0.420059253302252,-0.0707717870770589,0,0,-0.129593129627158,0,0.405967656587793,0,0,0,0,0,0,0,0,0.267502290163593,0,0,0,0.0985384582098672,0.345752808053389,0,0,0,0,0,0,0,0,0,0,0.0616432650684323,0,0,0,0,0,0,0,0,0.337141020025799,0,0,0,0,0,0,0,0,0,0,0,0,0,-0.243585830083201,0,0,0,0,0,-0.0506847280398037,0,0,0,0,0,0,0,0,0,0,0,0,0,0,0,0,0,0,0,-0.284092142290922,0,0,0,0,0,0,0,0,0,0,0.206934423739669,0,0,0,-0.298856173630567,0,0,0,0,-0.104338648143825,0,0,0,0,0,0,-0.37007598960895,0,-0.187889433182937,0,0,0,0,0,0,0,0,0,0,-0.298798268699847,0,0,0.205035595395719,0,0,0,0,0,0,0,0,0,0,0,0,0,0,0,0,0.0256340923793424,0,0,-0.251715153650642,0,0,0,0,0,0,0,0,0,0,0,0,0,0,0,0,0.399611217259967,0,0,0,0,0,0,0,0,0.0555575556207704,-0.0963318924937164,0,-0.107338592375966,0,0,0,0.164934248762071,0,0,0,-0.23805228599888,0,0,0,0,0,0,0,0,0,0,0,0,0,0,0,0,0,0,-0.133715440105069,-0.216774656661001,0,0,0,0,0,0,0,0,0,0,0,0,0,0,0,0,0,0,0,0.08295208494786,0,0,0,0,0,0,0,0,0,0,0,0,0,0,0,0,0,0,0,-0.337252524493127,0,0,0,0,0,0,0,0,0,0,0,0,0,0,0,0,0,0,0,0.278529320891018,0,0,0,0,0,0,0,0,-0.0259981314553543,0,0,0,0,0,0
"6",0,0,0,0,0.159647770318726,0.0301283609022593,0,0,0,0,0.275446269971354,0,0,0,0,0,0,0,0,0,0,0,0,0,0,0.287341061605118,0,0,0,0,-0.286843685012111,0,0,0,0,0,0,0,0,0,-0.0685547907360191,0,0,0,0,0.373769398770795,0,0,0,0,0.441452686029345,0,0,0,0,0,0,0,0,-0.0258974633207812,0,0,0,0,0,0,0,0,0,0,0.258830092398909,0,0,0,0,0,0,0,-0.0237376480601273,0,0,0,0,0,0,0.530820320137373,0,0,0,0,0.290033757242298,0,0,0,0,0,0,0,0,0,0.0290291926989755,0,0,0,0,0,0,0,0,0,0.285596554098804,0,0,0,0.238104968683702,0,0,0,0,0,0,0,-0.0862109785711867,0,0,-0.337564449585685,0,0,0,0,0.377981751852689,0,0,0,0,0,0,0,0,0,-0.0202557740345805,0,0,0,0,0.0302553114398932,0,0,0,-0.174227824735957,0.281411350573417,0,0,0,0,0,0,0,0,0,0,0,0,0,0,-0.161358952082049,0,0,0,0,-0.253900264338262,0,0,0,0,0,0,0,0,0,0.0236285335598721,0,0,0,0,0.302793084117583,0,0,0,0,-0.316033475576035,0,0,0,0,0,0,0.218757776050246,0,0,-0.043167132318915,0,0,0,0,0.0874698253650227,0,0,0,0,-0.187006172298443,0.0262373360026752,0,0,0,0,0,0,0,0,0,0,0,0,0,0.358666202471032,0,0,0,0,-0.372995581791751,0,0,0,0,0,0,0,0,0,0.0348006689269994,0,0,0,0,-0.37125892459615,0,0,0,0,-0.233417776568902,0,0,0,0,0,0.0876254459255263,0,0,0,-0.077597948591523,0,0,0,0,-0.0444666164832655,0,0,0.0754102129474135,0,-0.372005339164187,0,0,0,0,0,0,0,0,0,0.0584849238947838,0,0,0,0,0.132844867174983,0,0,0,0,-0.237269175040643,0,0,0,0,0,0,0,0,0,-0.0260760597297411,0,0,0,0,-0.414356336531741,0.0708486451831633,0,0,0,-0.176054195271688,0,0,0,0,0,0,0,-0.0362068642143033,0,0,0,0,0,0,0.282665466834872,0.215790702245826,0,0,0,0.292822118563487,0,0,0,0,0,0,0,0,0.0465387815032297,-0.0278209402764418,0,0,0,0,-0.086729088789551,0,0,0,0,0.157236480414164,0.154549252170013,0,0,0,0,0,0,0,0,0,0,0,0,0,0.109319683133826,0,0,0,0,-0.34121612316452,0,0,0,0,0,0,0,0,-0.0255844035096031,0,0,0,0,0,-0.443470581508179,0,0,0,0,0.25245898400295,0,0,0,0,0,0,0.199404023509267,0,0,0,0,0,0,0,-0.137189532168276,0,0,0,0,0.274145746328672,0,0,0,0,0,0,0,0,0,0,0,0,0,0,0.091578583369884,0,0,0,0,0.316498889429789,0,0,0,0,0,0,0,0,0,0,0,0,0,0,0.249061959859019,0,0,0,0,-0.30384569422913,0,0,0,0,0,0,0,0,-0.020541271630299,0,0,0,0,0,0.0716019991608901,0,0,0.11958084587237,0,0.364368411646219,0,0,0,0,0,0,0,0,0,0.0284517237286491,0,0,0,0,0.261946192383062,0,0,0,0,0.332469565647888,0,0,0,0,0,0,0,0,0,0,0,0,0,0,-0.112075530884764,0,0,0,0,-0.300739471094526,0,0,0,0,0,0,0,0,0,0,0,0,0,0,0.413044736537241,0,0,0,0,-0.390561890658549,0,0,0,0,0,-0.06242560718091,0,0,0,0,0,0,0,0,0.115684575617602,0,0,0,0,-0.32765805561077,0,0,0,0,0,0,0,0,0,0,0,0,0,0,-0.366764038205576,0,0,0,0,0.304389619198021,0,0,0,0,0,0,0,0,0,0,0,0,0,0,-0.246961419713878,0,0,0,0,-0.325383265744007,0,0,0,0,0,0,0,0,0,0,0,0,0,0,0.194508629274679,0,0,0,0,0.319038831762146,0,0,0,0,0,0,0,0,0,0,0,0,0,0,-0.377873529164866,0,0,0,0,0.36829841643781,0,0,0,0,0,0,0,0,0,0,0,0,0,0,-0.322661586013259,0,0,0.157685162446317,0,0.290023410695341,0,0,0,0,0,0,0,0,0,0,0,0,0,0,-0.396658037300539,0,0,0,0,-0.354261210576005,0,0,0,0,0,0,0,0,0,-0.0302361068467999,0,0,0.101354028466613,0,0.332972255375693,0,0,0,0,-0.267838889962185,0,0,0,0,0,0,0,0,0,0.0236878991303316,0,0,0,0,-0.22356426422591,0,0,0,0,-0.375191626412046,0,0,0,0,0,0,0,0,0,0,0,0,0,0,-0.34521606176945,0,0,0,0,0.255589036195975,0,0,0,0,0,0,0,0,0,-0.0205962072630718,0,0,0,0,0.408756664907313,0,0,0,0,-0.410527867482917,0,0,0,0,0,0,0,0,0,0,0,0,0,0,-0.424886117444375,0,0,0,0,-0.106306067717029,0,0,0,0,0,0,0,0,0,0,0,0,0,0,0.0382961121683556,0,0,0,0,0.315972413248461,0,0,0,0,0,0,0,0,0,0,0,0,0,0,0.358901965507291,0,0,0,0,-0.357101477310401,0,0,0,0,0,0,0.0254565509285933,0,0.0506249421504364,0,0,0,0,0,-0.215059188666196,0,0,0,0,0.313709822698799,0,0,0,0,0,0,0,0,0,0.0715590152310424,0,0,0,0,0,0,0,0,0,-0.294120838964256,0,0,0,0,0,0,0,0,0.0345544103944674,0,0,0,0,0,0.0272174948003689,0,0,0,0,-0.390481052258549,0,0,0,0,0.310377398578533,0,0,0,0.0250700752179607,0,0,0,0,0,-0.240829546809862,0,0,0,0,0.388693709675896,0,0,0,0,0,0,0,0,0,0,0.18535367516314,0,0,0,-0.0505937819400222,0,0,0,0,0.301880134124343,0,0,0,0,0,0,0,0,-0.0205950953551455,0,0,0,0,0,-0.154558977709015,0,0.0219596051623828,0,0,0.300602004654357,0,0,0,0,0,0,0,0,0.0298259416357966,0,0,0,0,0,0.221143219089686,0,0,0,0,-0.287848964640529,0,0,0,0,0,0,0,0,0,0.0622614202753143,0,0,0,0,-0.279768732591412,0,0,0,0,0.27902347906926,0,0,0,0,0,0,0,0,0,0,0.0439814520898003,0,0,0,0.373802586399033,0,0,0,0,-0.362517830184057,0,0,0,0,0,0,0,0,-0.0343045841872293
"7",0,0.306332588846115,0.226901068162036,0,0,-0.240183079695523,-0.0786807668726368,0,0,0,0,0,0,0.383823887515749,0,0,0,0,0,0,0,0.222893111637069,0.321327927800188,0,0,0,0.183645220961068,0,0,0.280947911882291,0,-0.0660680505325823,0,0.519277187674118,0,-0.0919191935008712,0,0,-0.0734095231597427,0,0,-0.28261985765168,0.170150834719056,0,0,0,0.341116597663341,0,0,0,0,0,0,0.272369471490724,0,0,0,0,0,0,0,0.257665993545668,-0.159976273408086,0,0,0,-0.218159547613584,0,0,0,0,0,0,-0.199330343918656,0,0,0,0,0.300244331593868,0,0,-0.330139475715509,0.117742440189083,0,0,0,-0.0619210036839184,0,0,0,0,0,0,-0.187925459626307,0.0945838784943763,0,0,0,0,0,0,-0.206497361011411,0.207156484274065,0,0,0,0.0773894716446626,0,0,0,0,0,0,-0.258700624708688,0,0,0,0,0,0,0,-0.19616451373061,0.130777785748282,0,0,0,-0.3697623277348,0,0,0,0,0,0,0.194730308162862,0,0.165904491879146,0,0,0,0,0,-0.240803498948628,0.332951811634757,0,0,0,0.543543182732378,0,0,0,0,0,0,-0.157267758698895,0,0,0.0513424502962767,-0.0699399162441176,-0.0921965823334887,0,0,0.318635797791021,-0.188919294117641,0.171148267116581,0,0,-0.423873438765056,0,0,0,0,0,0,0.316654864611444,0,0,0,0,0,0,0,0.191521214835126,-0.164058691410444,0,0,0,0.372258871116243,0,0,0,0,0,0,0.100933392641146,0,0,0,0,0,0,0,0,-0.0688227284178937,0,0,0,0.185276836223937,0,0.0922191912426921,-0.074374136213919,0,0,0,0.177730141135646,-0.163976521871816,0,0,0,0,0,0,0.325866494885734,0.210972933231624,0,0,0,-0.288430730324416,0,0,0,0,-0.252742984473446,0,-0.111370387801975,0,0,0,0,0,0,0,0.232684242027444,-0.191265710884682,0,0,0,-0.231454565613638,0,0,0,0,0,0,0.327760154187589,0,0,0,0,0,0,0,0.291922914036198,-0.21510471057515,0,0,0,0.297773716550145,0,0,0,0,0,0,-0.264968694668852,0,0,0,0,0,0,0,0.173837814070703,0.254012757508557,0,0,0,0.394372175826352,0,0,0,0,0,0.0414635789754118,0.257594677471165,0,0,0,0,0,0,0,0.251090065723503,0.186573654947672,0,0,0,0.107494746141799,0,0,0,0,0,0,-0.226564228369168,0,0,0,0,0,0,0,-0.293528242417032,-0.257938928997425,0,0,0,0.434862833918978,0,0.0634117904888317,0,0,0,0,0.30428638101844,0,0,0,0,0,0,0,0.291810935353405,0.123757814876392,0,0,0,-0.492864143953729,0,0,0,0,0,0,-0.256959651613045,0,0,0,0,0,0,0,-0.221760283131721,0.156755428644349,0,0,0,-0.157551001362351,0,0,0,0,0,0,-0.3154701404005,0,0,0,0,0,0,0,0.251030566307063,0.221242326726899,0,0,0,0.168932160703809,0,-0.275749716262613,0,0,0,0,0.325526015879044,0,0,-0.178949831232509,0,0,0,0,-0.248366456812961,0.242545234315639,0.247904393534663,0,0,0.390681667786745,0,0,0,0,0,0,-0.266232013787088,0,0,0,0,0,0,0,0.283808234754065,0.260129490465777,0,0,0,-0.485272793471,0,-0.397323355240746,0,0.313717167104377,0,0,-0.259841670330952,0,0,0,0,0,0,0,-0.0518358994803689,0.226318032012331,0,0,0,-0.131449801719147,0,0,0,0,0,0,-0.239746704848624,0,0,0,-0.238875044220883,0,0,0,-0.264527877259881,-0.184886486138621,0,0,0,-0.184788777602568,-0.313591426247153,0,0,0,0,0,-0.362067722608522,0,0,0,0,0,0,0,0.311632225886238,-0.222154597814884,0,0,0,0.309986178338405,0,0,0,0,0,0,0.327416044401275,0,0,0,0,0,0,0,-0.207077031251886,-0.19220926835682,0,0,0,0.0641134650282559,0,0,0,0,0,0,-0.310229588949792,0,0,0,0,0,0,0,0.307874008429651,0.174067137832585,0,0,0,0.219317205516129,0,0,0,0,0,0,0.204796112447501,0,0,0,0,0,0,0,0.124473909999578,0.223045069795925,0,0,0,0.0320627305629722,0,0,0,0,0,0,0.344113668999326,0,0,0,0,0,0,0,-0.240182142491594,0.196556246092438,0,0,0,-0.118714966453763,0,0,0,0,0,0,-0.247531042795302,0,0,-0.224921681002786,0,0,0,0,-0.302368019744131,0.175684776512369,0,0,0,-0.329860885488265,0,0,0,0,0,0,-0.202864724234441,0,0,0,0,0,0,0,0.282301414386982,0.189001564889738,0,0,0,-0.0362615371059675,0,0,0,0,0,0,0.074618328369884,0,0,0,0,0,0,0,-0.183677192924735,0.197369540625946,0,0,0,-0.415942455913561,0,0,0,0,0.441458738411344,0.226435473707749,0.301475058379087,0,-0.0716569886950578,0,0,0,0,0,0.0688257281804524,0.249564782838632,0,0,0,0.0463692885982801,0,0,0,0,0,0,-0.281705503991615,0,0,0,0,-0.0598747452052104,0,0,-0.201052719712296,-0.187574680699334,-0.445885576275542,0,0,-0.383012323493932,0,0,0,0,0,0,-0.264438930181516,0,0,0,0,0,0,0,-0.325514001234273,0.25045777340734,0,0,0,0.0266891142388541,0,0,0,0,0,0,-0.256033979105978,0,0,0,0,0,0,0,-0.357722268750364,-0.203672059589885,0,0,0,0.116998625492104,0,0.205234316237356,0,0,0,0,-0.329784553619623,0,0,0,0,0,0,0,0.270451704803697,-0.162840655950014,0,0,0,-0.136993331455819,0,0,0,0,0,0,0.166251343727093,0,0,0,0,0,0,0,0.140443170682159,0.284952685362071,0,0,0,0.334773338980368,0,0,0,0,0,0,0.237572310021869,0,0,-0.0326962545828121,0,0,0,0,-0.214336421094049,0.231733419127653,0,0,0,0.124414992949447,0,0,0,0,0,0,0.293776105630746,0,0,0,0,0,0,0,-0.303387832947958,-0.160029888599073,0,0,0,-0.120209403716739,0,0,0,0,0,0,0.154632187372183,0,0,0,0,0,0,0,-0.256874346423263,0.190987490991016,0,0,0,0.351038620068962,0.125255730377362,0,0,0,0,0,0.436150508697556,-0.0239466912748164,0.0788854892593057,-0.264141269461804,0,0,0,0,-0.137557825286818,-0.247281360357969,0,0,-0.197811730480659,-0.323034418072578,-0.0674574284174764,0,0,0,0,0,0.211865257675567,-0.171042864906922,-0.0511719796301656,0,0,0,0,0,0.28428357962683,-0.277224959707547,0,0,0,-0.390131067223459,0,0,0,0,0,0,0.372160281434121,0,0,0,0,0,0,0,-0.343613686257862,-0.143063945489605,0,0,0,-0.190317357978155,0.0577861757097826,0,0,0,0,0,0.228012052424632,0,0,0,0,0,0,0,0.241951349984872,0.22463384250855,-0.268980088306308,0,0,-0.426328845588597,0,0,0,0,0,0,-0.296062912380468,0,0,0,0,0,0,0,0.291948082653005,-0.199004670458948,0,0,0,-0.0560698882752069,0,0,0,0,0,0,-0.144143984154402,0,0,0,0,-0.297951840249354,0,0,-0.266450409218607,0.161977563199891,0,0,0,-0.204701659922803,0,0,0,0,0,0,-0.238921895094195,0,0,0,0,0,0,0,0.174329755800274,-0.224655884914822,0,0,0,-0.420627957104271,0,0,0,0,0,0,-0.337850668531198,0,0,0,0,0,0,0,0.292169643830405,0.217506237616026,0,0,0,0.376027872587462,0,0,0,0,0,0,-0.24845738964814,0,0,0,0,0,0,0,0.293398593313909,0.205358019942285,0,0,0,-0.138262311948535,0,0,0,0,0,0,-0.28802888663223,0,0,0,0,0,0
"8",0.0202928955819118,0.301344022943119,0,0,0,0,0,0.221533000700614,0,-0.102171948196487,0,0,0.437558311953922,0,0,0,0,0,0,0,0,-0.280727670895428,0,0,0,0,0,-0.27398236734747,0,0,0,0.269417680065074,-0.274715007521636,0,0,0,0,0,0.0585478082107536,0,0,0.149506193110969,0,0,0,0,0.0883753638905605,-0.374431472558238,0,0,0,0,0.307411569551236,0,0,0,0,0,0,0,0,0.290146391882792,0,0,0,0,0,-0.232411686975485,0,0,0,0,-0.119897550724736,0,0,0,0,0,0,0,0.0439774785901802,0.163355292748795,0,0,0,0,-0.0256553434498845,-0.206823673751119,0,0,-0.202900570559182,0,0.36869159469741,0,0,0,0,0,0,0,0,0.280841363350269,0,0,0,0,0,0.301948222259992,0,0,0,0,0.291686974021066,0,0,0,0,0,0,0,0.0844623904951076,-0.297954457190407,0,0,0,0,-0.0220801434274033,-0.482963711288509,0,0,0,0,0.276717128263071,0,0,0,0,-0.138835172435311,0,0,0,-0.276093572786714,0,0,0,0,0,-0.102961035025686,0,0,0,0,-0.207533741669134,0,0,0,0,0,0,0,0.0780047305060196,0.375053803604601,0,0,0,0,0,-0.536160909966402,0,0,0,0,0.31476138857198,0,0,0,0,0,0,0,0,0.378953770785408,0,0,0,0,-0.0282742696264867,0,0,0,0,-0.203089794060059,-0.275463865269649,0,0,0,0,0,0,0,-0.0254709517731407,-0.274014737416352,0,0,0,0,0,0.0943725761862898,0,0,0,0,0.153770279916309,0,0,0,0,-0.221744063236295,0,0,-0.0506304654599523,0.243155217923476,0,0,0,0,0,-0.0917481730998089,0,0,0,0,0.250560896336005,0,0,0,0,0,0,0,-0.0661739528771093,0.292042367018646,0,0,0,0,-0.021738746249532,-0.287001354605096,0,0,0,0,0.343696796436777,0,0,0,0,0,0,0,0,-0.164360908984704,0,0,0,0,0,0.475737306031735,0,0,0,0,-0.241112473354947,0,0,0,0,0,0,0,0,-0.281122850441014,0,0,0,0,-0.0281265206002733,0.424094144065127,0.0526048359101019,0,0,0,0.176331988024092,0,0,0,0,0,-0.153403032589078,0,0,-0.415796010071404,0,0,0,0,-0.126169354318464,0.415625289999772,0,0,0,0,-0.286712177880649,0,0,0,0,0,0,0,0,-0.315442169824121,0,0,0,0,0,-0.215401380555209,0,0,0,0,-0.237059135996457,0,0,0,0,0,0,0,0,0.34443691940214,0,0,0,0,0.0311285822256573,-0.14898075286976,0,0,0,0,-0.330403993871045,0,0,0,0.225166829098193,0,0,0,0,0.284550083450814,0,0,0.0319018762224055,0,0,0.0422146629241696,0,0,0,0,-0.222097766188028,0,0,0,-0.205970899885782,0,0,0,-0.033890474343038,-0.287998935935544,0,0,0,0,0,-0.433445982997771,0,0,0,0,0.236575726452692,0,0,0,0,0,0,0,0,0.328520159564447,0,0,0,0,-0.118467558778636,-0.253532148392975,0,0,0,0,0.251989691520263,0,0,0,0,0,0,0,0,-0.331539747884363,0,0,0,0,0,-0.264497373106865,0,0,0,0,-0.448091125783403,0,0,0,0,0,0,0,-0.0531372720994954,-0.229011186715214,0,0,0,0,0,0.367521244828931,0,0,0,0,0.285267076657819,0,0,0,0,0,-0.0262700240676262,0,0,-0.316936775237404,0,0,0,0,0,0.099957358912078,0,0,-0.02092295914905,0.272533768471006,-0.263246769895908,0,0,0,0,0,0,0,0.0385340124733829,-0.254847751969107,0,0,-0.0256148048553468,0,0.0306958928096542,-0.370749507507292,0,0,0,0,0.302150109885092,-0.0591142772168524,0,0,0,0,0,0,0.0221821673360482,0.28247973503878,0,0,0,0,0.0224124383346173,0.574792586371036,0,0,0.165615273007739,0,0.36774491715468,0,0,0,0,0,0,0,0.0203007851549079,0.36326135031159,0,0,0.129492714826861,0.328684204628488,0,-0.0843098144378171,-0.270009262469822,0,0,0,0.27377020545604,0,0,0,0,0,0,0,0.0627865288774461,-0.270522488269422,0,0,0,0,0,0.0703034136839854,0,0.203776257346749,0,0,-0.327579793088917,0.258360581071241,0,0,0,0,0,0,0,-0.281872213419425,0,0,0,0,0,0.117199038440071,0,0,0,0,-0.315190163987541,0,0,0,0,0,0,0,0.0290943708453019,0.238197286358649,0,0,0,0,0,-0.0757320635997209,0,0,0,0,0.259672426848475,0,0,0,0,0,0,0,-0.0617242624955533,0.315503540554312,0,0,0,0,-0.0262746565554698,-0.227436319529961,0,0,0,0,-0.340532264771785,0,0,0,0,0,0,0,0,-0.334784955775258,0,0,0,0,0,0.358844146862183,0,0,0,0,0.413058212188605,0,0,0,0,0,0,0,0.0226538315267962,0.263828445271064,0,0,0.0587009788210613,0,-0.127419760770289,0,0,0,0,0,-0.350388351321477,0,0.0382664384935433,0,0,0,0,0,-0.174393054973383,0.447121387962108,0,0,0,0,0.0334604167490333,-0.495176060038997,0,0,0,0,-0.112012281939566,0,0,0,0,0,0,0,0,0.209415370422857,0,0,0,0,0,0.181592187440572,0,0,0,0,-0.204863136654396,0,0,0,-0.186658076291279,0,0,0,-0.0211697783409493,0.336325995256543,0,0,0,0,0,-0.149580078361861,0,0,0,0,-0.23496496296838,0,0,0,0,0,0,0,-0.221775873626108,0.361363176423681,0,0,0,0,0.0513062764949705,-0.580545244962969,-0.0948056440980146,0,0,0,-0.415758877406392,0.093069335991655,-0.16207063587432,0,0,0.139945628073438,0,-0.0217843538712246,0.069778166193132,0.368593070233794,0,0,0,0,0.0286250446179878,0.382934710550079,0,0,0,0,0.347811160581888,0,0,0,0,0,0,0,-0.0451785120873277,-0.307697140343794,0,0,0,0,0,0.388114212628309,0,0,0,0,0.193206489988899,0,0,0,0,0,0,0,0,-0.341754909732909,0,0,0,0,0,0.351004283276511,0,0,0,0,-0.378463083309475,0,-0.145406359627448,0,0,0,0,0,0,0.291495852507395,0,0,0,0,0,0.144064126215467,0,0,0,0,-0.317890389195804,0,0,0,0,0,0,0,0,0.314220516930724,0,0,0,0,0,0.249736973377839,0,0,0,0,0.237087265926013,0,0,0,0,0,0,0,-0.0560270428411577,0.290026602029849,0,0,0,0.155199911849657,-0.0355890514887437,0.078004381447334,0,0,0,0,-0.222338440404503,0,0,0,0,0,0,0,0.0255841494337573,-0.203137142867323,0,0,0,0,0,-0.49522899667663,0,0,0,0,0.29513528078713,0,0,0,0,0,0.203386982375409,0,0.0335642305662723,-0.362441673827223,0,0,0,0,0,0.381787109130372,0,0,0,0,-0.318526553989368,0,0,0,0,0,0,0,-0.116697693170494,-0.221301870108502,0,0,0,0,0,-0.363708820884056,0,0.144719585338997,0,0,-0.179176341618022,0,0,0,0,0,0,0,-0.0702427659262307,-0.265639802306639,0,0,0,0,-0.0235962234743567,-0.104401583743918,0,0.240079208952872,0,0,-0.365025606048729,0,0,0,0,0,0,0,0.0283588920852379,0.341472927468978,0,0,0,0,0.0393503557914479,0.28099159737565,0,0,0,0,0.342025913942628,-0.202701886211665,0,0,0,0,0,0,0,0.247427819884109,0,0,0.152136879519145,0,0,-0.0858043575820613,-0.201322659018994,0,0,0,-0.25258373091933,0,0,0,0,0,0,0,0,-0.226416246155044,0,0,0,0,0,0.110723694905767,0,-0.0242287474324811,0,0,-0.202148461590925,0,0,0.235772028503686,0,0,0,0
"9",0,0,-0.429912342256492,0,0.0237137325553989,-0.155604096006124,0,0,-0.365616295553287,0,0,0,0,0,0,0,0,0,0,0,0,0,-0.20148653382598,0,0.028774907062399,0,0,0,-0.423657924785446,0,0,-0.0221341790657791,0,0,0,0,0,0,0,0,0,0,0.240059477071755,0,0,0,0,0,-0.349321535236771,0,0,0.023046940225678,0,0,0,0,0,0,0,0,0,0,-0.325325812339946,0,0,0,0,0,-0.161653965825584,0,0,0.0341864242371694,0,0,0,0,0,0,0,0,0,0,0.260153699456696,0,-0.0645071709133898,0,0,0,0.185674943962735,0,0,0,0,0,0,0,0,0,0,0,0,0,-0.220610560976138,0,0.0994683889639704,0,0,0,-0.165979529021133,0,0,0,0,0,0.0293189902747449,0,0,0,0,0,0,0,0.326903807029055,0,0,0,0,0,0.394676217249424,0,0,0,-0.279345625352096,0,0,0,0,0,0,-0.0676995381307064,0,0,-0.286862922855306,0,0,0,0,0,-0.23083355861667,0,0,0,0.19893841663345,0,0,0,0,0,0,0,0,0,0.348954254438223,0,0,0,0,0,-0.162976585235267,0,0,0,0,0.0245948285233558,0,0,0,0,0,-0.0623632628940756,0,0,0.293943719688777,0,0,0,0,0,0.0475519617017999,0,0,0.02494242640377,0,0,0,0,0,-0.228211025992429,0,0,0,0,0,0,0,0,0,0,0.186783982722179,-0.0969522129883426,-0.112875566575798,0,0,0,0,0,0,0,0,-0.0375055047834983,0,-0.0747500093898271,-0.331280066212241,0,0,0,0,0,-0.417810183005104,0,0,0.105775078258914,0,-0.215125234698987,0,0,0,0,0,0,0,0,0.366528735028677,0,0,0,0,0,-0.394054564741333,0,0,0.0789118655472759,0,0,0,0,0,0,0,0,0,0,0.239057744851203,0,0,0,0,0,-0.239740448264832,0,0,0,0,0,0,0,0,0,0,0,0,0,-0.304107839753704,0,0,0,0,0,-0.457138716191468,0,0,-0.0362079612316262,0,0,0,0,0,0,0,0,0,0,0.243838602693179,0,0,0,-0.0758865444680111,0,-0.0406029646189404,0,0,0,0,0,0,0,0,0,0,0,0,0,-0.278991122676911,0,0.0358788369417329,0,0,0,0.356132002864953,0,0,0,0,0,0,0,-0.177834774996175,0,-0.184505697917786,0,0,0,-0.285207740125772,0,0,0,0,-0.151317728080329,0.1820674471229,0,0,0.0279623720277839,0,0,0,0,0,0,0,0,0,0,-0.29740582822639,0,0.0431569818558042,0,0,0,0.367169741436297,0,0,0.021087601832009,0,0,0,-0.124794831259428,0,0,0,0,0,0,-0.216007078497975,0,0,0.238095281679302,0,0,-0.239597154568215,0,0,0,0,0,0,0,0,0,0,0,0,0,0.232454745760398,0,0,0,0,0,0.062950528810723,0,0,0,0,0,0,0,0,0,0,0,0,0,0.269240948971348,0,0,0,0,0,-0.234078659991933,0,0,0,0,0,0,0,0,0,0,0,0,0,0.277173990334201,0,0.0536568839086845,0,0,0,-0.234180229686061,0,0,0,0,0,0,0,0,0,0,0.0636345610641052,0,0,-0.257631910069635,0,-0.0267227879140133,0,0,0,0.374695938017008,0,0,0,0,0,0,0,0,0,0,0,0,0,0.218622015760296,0,0,0,0,0,-0.250191637480979,0,0,0,0,0,0.149472754449908,0,0,0,0,0,0,0,0.236873561599115,0,-0.0547799347957383,0,0,0,-0.314696002737087,0,0,0,0,0,0,0,0,0,0,0,0,0,0.207192721359638,0,0.0320787195845465,0,0,0,-0.204488696308212,0,0,0.0201812839340167,0,0,0,0,0,0,0,0,0,0,0.241715789584473,0,0.0296311096534395,0,0,0,-0.205726920779761,0,0,0.0231685106889209,0,0,0.025592981541853,0,0,0,0,0,0,0,-0.246970586588105,0,-0.027041777400877,0,0,0,0.479561914133248,0,0,0,0,0,0,0,0,0,0,0,0,0,-0.273044596940587,0,-0.0316094147773399,0,0,0,-0.257874158602403,0,0,0,0,0,0,0,0,0,0,0,0,0.0269505424008117,0.189893529335991,0,-0.0291175448529197,0,0,0,0.0378758074580096,0,0.0454208719418259,-0.0871017595349284,0,0,0,0,0,0,0.143714136500893,0,0,0,0.340560996327555,0,0,0,0,0,0.0411364512193754,0,0,0,0,0,0,0,0,0,-0.105069201853656,0,0,0.236674844972053,0.326083581234517,0,0.0632469105100043,0,0,0,0.145809776788993,0,0,0,0,0,0,0,0,0,0,0,0,0,0.351057131495994,0,-0.0278774504078497,0,0,0,0.481749765970522,0,0,0,0,0,0,0,0,0,0,0,0.0280188392592705,0,-0.298179086657045,0,0.101186833338236,0,-0.239661456615576,0.333655654577198,0,0,0,0,0,0,0,0,0,0,0,0,0,0,0.24260111119523,0.144531509192154,0,0,0,0,-0.345407170586402,0,0,0,0,0,0,0,0,0,0.0840098445480698,0,0,0,0.227249355710545,0,0,0,0,0,0.0948444749166349,0,0,0,0,0,0,0,0,0,0,0,-0.134981856154418,0,0.255662981814262,0,0.130731609193601,0,0,0,-0.286806073412983,0,0,-0.0245521346439609,0,0,0,0,0,0,0,0,0,-0.243717180445692,-0.252291328301536,0,-0.0413940645783582,0,0,0,0.120913640835917,0,0,0,-0.078365544952529,0,0,0.288066847401619,0,0,0,0,0,0,-0.311241860032934,0,-0.0995381848124377,0,0,0,0.0323006645992684,0,0,0,0,0,0,0,0,0,0,0,0,0,0.369208683980047,0,-0.10515617179767,0,0,0,-0.438737359248285,0,0,0,0,0,0,0,0,0,0.0564833178280574,0,0,0,-0.269891226180319,0,0,0,0,0,0.248020415805296,0,0,0,0,0,0,0,0,0,0,0,0,0,-0.298724463163513,0,-0.115952224109187,0,0,0,-0.230551219223823,0,0,0.0328005378660082,0,0,0.135541551271975,0,0,0,0,0,0,0,-0.31409963123198,0,-0.0503489458405523,-0.172381052911034,0,0,-0.143206615937506,0,0,0.0240980530012267,0,0,0,0,0,0,0,0.0204818048049543,0,0,-0.249418792429432,0,0,0,0,0,0.325858363749675,0,0,0,0,0,0,0,0,0,0,0,0,0,-0.268684381914187,0,0,0,0,0,-0.217960599401874,0,0,0,0,0,0,0,0,0,0,0,0,0,0.294815342903641,0,0,0,0,0,-0.393241926710769,0,0,0.0282764308923404,0,0,0,0,0.0823848654862492,-0.300922416261932,0,0,0,0,0.225986437788695,0,0,0,0,0,0.0287902245145897,0,0,0,0,0,0,0,0,0,0,0,0,0,-0.328254097138889,0,-0.0208111001553866,0,0,0,-0.0503160793941842,0,0,0,0,0,0,0,0.0997757442194199,0,0,0,0,0,0.173827363983043,0,0,0,0,0,0.439902650036994,0,0,0,0,0,0,0,0,0,0,0
"10",0,0,0,0,0,0,0,0.280123417209366,0,-0.197093333300719,0,0,0,0,-0.227230765552978,0,0,0,0,0,0,0,0.220826747897219,0,0,0,0,0.320540285353355,0,-0.227852807107845,0,0,0,0,-0.299555378229057,0,0,0,0,0,0,0,0,0,0,0,0,-0.219864483485037,0,0.127567421936347,0,0,0,0,-0.274895944728989,0,0,0,0,0,0,0,0.365109592285137,0,0,0,0,0.246022376584229,0,-0.428115426777821,0,0,0,0,0.246711503322214,0.182652988497016,-0.0629255047673188,0,0,0,0,0,0,-0.311234922905652,-0.293762951892396,-0.230462270075636,0,-0.253271152830279,0,0.140096757059708,0,0,0,0,-0.344819526199264,0,0.225552112703924,0,0,0,0,0,0,0,0,0,0,-0.154438793384189,0,0.0533792583975671,0,0,0,0,-0.175945455750578,0,0,0,0,0,0,0,0,0,0,0,0,-0.297551539235147,0,0.356058870474354,0,0,0,-0.210386656703846,0.157246921291845,0,0,0,0,0,0,0,0,0,0,0.195583819685401,0,-0.365908121822959,0,-0.282756242603274,0,0,0,0.0520284960721848,-0.244088666665692,0,0,0,0,0,0,0,0,0,0,0,0,-0.152277993130233,0,0.23176776931729,0,0,0,0,0.394887663360699,0,0,0,0,0,0,0,0,0,0,0,0,0.263307245811718,0,-0.25952403717362,0,0,0,-0.0630289573136825,0.187200237193586,0,0.0766166676401732,0,0,0,0,0,0.173411907500243,0,0,0,-0.300215242694783,-0.317967092354807,-0.0506176619594892,0.0996877954540421,0,0,0,-0.16750436153761,0.0803896731484692,0,0.275677845884615,0.107301768666931,0,0,0,0,0,0,0,0,0,0.339306902197755,0,-0.167762201144413,0,0,0,0,-0.302425419920893,0,0,0,0,0,0,0,0,0,0,0,0,0.241073784883638,0,0.0674366018865715,0,0,0,0,-0.244420357839495,0,0,0,0,0,0,0,0,0,0.110247711744516,0,0,-0.208172675012821,0,0.112852977032487,0,0,0,0,-0.281552569425636,0,0,0,0,0,0,0,0,0,0,0,0,-0.281977504396211,0,0.220231634225653,0,0,0,0,-0.209270267995043,0,0,0,0,0,0,0,0,0,0,0,0,-0.308997088759883,0,0.221957233449216,0,0,0,0,0.287593560655553,0,0,-0.0361037153866141,0,0,0,0,0,0,0,0,0,-0.220978031974523,0,-0.161392257998036,0,0,0,0,-0.258160663225211,0,0,0,0,0,0,0,0,0,0,0,0,0.297306234192915,0,0.0794309214893269,-0.232648740916132,0,0,0,-0.308594376082024,0,0,0,0,0,0,0,0,0,0,0,0,0.243376076331786,0,-0.281867540613465,0,0,0,0,-0.0822359026351369,0,0,0,0,0,0,0,0,0,0,0,0,0.290674204751983,0,0.41539507316819,-0.275936708684703,0,-0.182608026312615,0,0.309006913612337,0,0,0,0,0,0,0,0,0,0,0,0,0.313229649054012,0,0,-0.285974288994187,0,0,0,-0.25295806277417,0,0,0,0,0,0,0,0,0,0,0,0,-0.247795897846369,0,0.0213192141161045,0,0,0,0,0.221360503216017,-0.229191274585032,0,0,0,0,0,0,0,0,0,0,0,-0.251328534796769,0,-0.0950759332776456,0,0,0,0,-0.290173010700666,0,0.0299149214213075,0,0,0,0,0,0,0,0,0,0,-0.379705698551872,0,0.248395773692354,0,-0.0330601073488396,-0.075817916962549,0,-0.325892394113926,0,0,0,0,0,0,0,0,0,0,0,0,-0.314782187758831,0,0.0567885996066791,0,0,0,0,0.290154204869486,0,0,0,0,0,0,0,0,0,0,0,0,0.290383469543124,0,0.358940633864604,0,0,0,0,0.227249792285924,0,0,0,0,0,0,0,0,0,-0.191271855560446,0,-0.213590808026133,-0.347205620585007,0,-0.176293768525338,0,0,0,0,-0.25348092188565,0,0,0,0,0,0,0,0,0,0,0,0,-0.232985843540996,0,-0.232010154295157,0,0,0,0,-0.287552471508246,0,0,0,0,0,0,0,0,0,0,0,0,0.18726314239755,0,0.039387151547593,-0.0463412802081891,0,0,0,-0.309515323402137,0.253719246233506,0,0,0,0,0,0,0,0,0,0,0,-0.386208000930487,0,-0.19105215999535,0,0,0,0,0.306954884542025,0,0,0,0,0,0,0,0,0,0,0,0,-0.25542621071133,0,0.20994432367704,0,0,0,0,-0.253406886816837,0,0,0,0,0,0.296063785233311,0,0,0,0,0,0,-0.258249853174793,0,0.0709928038605066,0,0,0,0,-0.237756958003596,0,0.160751791717235,0,0,0,0,0,0,0,0,0,0,-0.293924528026393,0,-0.283525457568814,0,0,0.02367495491707,0,-0.219706305966743,0,0,0,0,0,0,0,-0.0927917683833303,-0.0256260293843867,0,-0.111143268877593,0,-0.230652038393381,0,0.085672821666632,0,0.0247009269687347,0,0,-0.286514875003195,0.119095220469746,0.094299549802626,-0.0483048257629626,0,0,0,0,0,0,0,-0.192925651842081,0,-0.231646266226331,0,0.0949533862778729,0,0,0,0,0.345323390465926,0,0,0,0,0,0,0,0,0,0,0,0,-0.342327857978092,0,-0.288631096666595,0,0,0,0,0.269444163143968,0,0,0,0,0,0,0,0,0,0,0,0,0.369949922700367,0,-0.336687211179945,0,0,0,0,0.374961100914579,0,0.0284005084434161,0,0,0,0,0,-0.0372960065630377,0,0,0,0,0.363485703293033,0,-0.0662924225759695,0,0,0,0,0.287534045829148,0,0,0,0,0,0.0365401689514471,0,0,0,0,0,0,-0.308390532272989,0,0.42606220968371,0,0,0,0,0.318243866324595,0,0,0,0,0,0,0,0,0,0,-0.209014460270405,0,-0.326286721549363,0,0.14717071757683,0,0,0,0,0.306240583413709,0,0,0,0,0,0,0,0,0,0,0,0,-0.181373195001438,0,0.0431788133518043,0,0,0,0,-0.254258964384351,0,0,0.277925982992509,0,0,0,0,0,0,0,0,0,-0.235341342722456,0,-0.244477448409971,0,0,0,0,0.186635934723795,0,0,0,0,0,-0.145706798268898,0,0,0,0,0,0,0.325301994193846,0,-0.101107207353846,0,0,0,0,-0.361420229873717,0,0,0,0,0,0,0,0,0,0,0,0,0.253540009749567,0,0.0362503088002552,0,0,0,0,-0.126693234975018,0,0,0,0,0,0,0,0,0.122520725713941,0,0,0,0.321896947948272,0,-0.172904863724647,0,0.0351195542520618,0,-0.040398355086767,0.152372073886867,0,0.0468838477622503,0,0,0,0,0,0,0,0,0,0,-0.243169915173168,0,0.126192271621018,-0.0823837445829714,0,0,0.283625995721053,-0.0529533599552102,0,0,0,0,0,0,0.193519799271592,0,0,0,0,0,-0.152869770965618,0,-0.335818190192576,0,0,0,0,-0.216310511076143,0,0,0,0,0,0,0,0,0,0,0,0,-0.331569397778272,0,-0.339638624038353,0,0,0,0,0.254099084769175,0,0,0,0,0,0,0,0,0,0,0,0,0.2526354082877,0,-0.144291827061213,0,0,0,0,-0.233066413461281,0,0,0,0,0,0,0,0,0,0,0,0,-0.305105410425872,0,0.159505614842739,0,0,0,0,0.234793636562384,0,0,0,0,0
"11",0,0,0.0254379766226757,0,0,0,0,0,0,0,-0.0649164103949499,0,0,0,0,-0.385213646510245,0,-0.142069182110342,0,0,0,0,0,0,0,0,0,0,0,0,0.504702735314423,0,0,0,0,0.365748418893174,0,0,0,0,0,0,0,0,0,0,0,0,0,0,0.478121152419716,0,0,0,0,-0.24641416018921,0,0,0,0,0,0,0,0,0,0,0,0,0,0,0.404344580079226,-0.0253138000308127,0,0,0,-0.27906558080915,0,0,0,0,0,0,0.0501022411050807,0,0,0,0,0,0,0.043260127266902,0.322286250048407,0,0,0.0898577483465222,0,0.339576986052226,0,0.112736711390007,0,0.107536748312346,-0.0221679844890761,0,0.0666131249164227,0,0,0,0,0,0,0,-0.387333344004442,0,0,0,0,0.064172524413349,-0.091543423433801,-0.186298249318893,0,0,0,0,0,0,0,0,0,0,0,0,-0.0892135847793325,0,0,0,0,-0.214338013062093,0,0,0,0,0,0,0.0548764714763426,0,0,0,0,0,0,0,0.309865589034076,0.0244081881627568,0,0,0,0.263712566762426,0,0,0,0,0,0,0,0,0,0,0,0,0,0,0.130083714776037,0,0.0200291961614792,0,0.145334293626099,0.314851058276384,0,0,-0.262307570613712,0,0,0,0,0,0,0,0,0,0,0,-0.229546288071614,0,0,0,0,-0.291538839342134,0,0,0,0,0,0,0,0,0.0406152585639077,0,0,0,-0.268495195404831,0,0.419226204706535,-0.0234983666989765,0,-0.322233981623914,0,0.383399313865879,0,0,0,0.0223418086144858,0,0,-0.039445677572704,0,0,0,0,0,0,0,0.421282500731134,0.0664511422321789,0,0,0,0.24995169795961,0,0,0,-0.0207008705168265,0,0,0,0,0,0,0,0,0,0,-0.284372441314171,0,0,0,0,-0.334979533363915,0,0,0,0,0,0,0,0,0,0,0,0,-0.134380558125161,0,-0.0411063826536618,0,0,0,0,0.301448085192463,0,0,0,0,0,0,0,0,0,0,0,0,0,0,-0.0462583579475241,0,0,0,0,0.355878024409183,0,0,0,0,0,0,-0.0787716490011634,0.0289109223668202,0,0,0,0.0239821766663971,0,0,-0.226249399088147,0,0.0215606689273739,0,0,-0.380929326349241,0,0,0.200364916868006,0,0,-0.146724308957014,0,0,0,0,0,0,0,0,-0.374036971036361,0,0,0,0,-0.211805903396224,0,0,0,0,0,0,0.0296932929027516,0,0,0,0,0,0,0,-0.419119965030044,0,0,0,-0.112160577919234,0.364030790674327,0,0,0.0877584476120074,-0.0978466375502031,0,0,0.0465426948733948,0,0,-0.0269839905230629,0,0,0,0,0.513132954844541,0,0,0,0,-0.278966444174671,0,-0.0753805657085296,-0.144938000222396,0.0430069269236884,0,0,-0.0373286210621151,0,0,0,0,0,0,0,0.279690804866599,0.0294937353219419,0,0,0,0.335254605214892,0,0,0,0,0,0,0,0,0,0,0,0,0,0,0.204405259985638,0,0,0,0,0.286692155818676,0,0,0,0.0242067401260789,0,0.0985547900960463,0,0,0,0,0,0,0,0,0.385732512488534,0,0,0,0,-0.311151879584655,0,0,0,-0.0397512657225885,0,0,0,0,0,0,0,0,0,0,0.111973518523281,0,0,0,0,0.252792050626419,0,0,0,0.0348760784359804,0,0,0,0,0,0,0,0,0,0,-0.174113889851815,0,0,0,0,0.319973209062319,0,0,0,0,0.248214888616194,-0.0873000528469179,0.0306557697776636,0,0,0,0,0,0,0,0.495181453897388,0.0839538269066868,0,0,0,0.218732817580685,0,0,0,0.0206083743270144,0,0,0,0,-0.230300024551889,0,0,0,0,0,-0.108548218118562,0.020630467791991,0,0,0,-0.416924334534331,0,0,0.114050427492417,0,0,0,0,0,0,0,0,0,0,0,0.552810921193078,0,0,0,0,0.339929083900282,0,0,0,0,0,0.0389600171432355,-0.0809468432779071,0,0,0,0,0,0,0,0.477941518660744,-0.0673024574681897,0,0,0,0.38889971011299,0,0,0,0.0668322620447353,0,0,0,0,0,0,0,0,0,0,-0.153565604986035,0,0.171066497610192,0,0,-0.316833737136686,0,0,0,-0.037670059885846,0,0,0,0,0,0,0,-0.158066551179807,0,0,-0.230670888186437,0,0,0,0,-0.232942943307426,0,0,0,0,0,0,0,0,0,0,0,0,0,0.0319094988357151,0.0598898562364926,0.022814185307928,0,0,0,0.220386430334043,0,0,0,0,0,0,0,0,0,0,0,0.202541757403719,0,0,0.146043393255259,0,0,0,0,-0.248294452346687,0,0,0,0,0,0,0,0,0,0,0,0,0,0,-0.289880275996928,0,0,0,0,0.189614727120688,-0.12512837488548,0,-0.343196201672709,-0.0483032041359326,0,0,0,0,-0.295551545797759,0,0,0,0,0,-0.564840511707845,0.0438782265433798,0,0,0,-0.127949323624451,0,0,-0.0655008618903203,0,0,0,0,0,0,0,0,0,0,0.0386644321290177,0.113265118676326,0,0,0,0,-0.231659578034011,0,0,0,0,0,0,0,0,0,0,0,0,0,0,-0.278953447233938,0,0,0,0,0.271704339548034,0,0,0,0.0229218094222686,0,0,-0.0456976904528246,0,0,0,0,0,0,0,-0.412540019826235,0,0,-0.0661037986205739,0,0.323597210958569,0,0,0,0,0,0,0,0,0,0,0,0,0,0,0.288230376717084,0.0332019359074852,0,-0.159270600064237,0,0.35177308207502,0,0,0,0.0996117729896096,0,0,-0.0277921802972515,0,0,0,0,0,0,0,0.457955166261554,0,0,0,0,0.388248490471188,0,0,0,0.02780922788768,0,0,0,0,0,0,0,0,0,0,-0.0357994053197911,0,0,0,0,-0.260406452657537,0,0,0,0.0387751712416955,0,0,0,-0.022976164069735,0,-0.0228698561518677,0,0,0,-0.0220081858953043,0.603169818913532,-0.0234267719215507,0.0347317701282456,0,0,0.182448058187991,0,0,0,0.0207286402838266,0,0,0,0,0,0,0,0,0,0.0218016313309519,-0.396011781203512,0,0,0,0,0.27019741819449,0.0231308735376753,0,0,0,0,0,0,0,0,0,0,0,0,0,-0.427711761497294,0,0,0,0,0.306045838810912,0,0,0,0,0,0,0,0,0,0,0,0,0,0,0.327324352555572,0,0,0,0,-0.367608674640958,0.22341506872645,0,0,0,0,0,0,0,0,0,0,0,0,0,0.2779721749036,0,0,0,0,-0.172574623481383,0,0,0,0,0,0,0,0,0,0,0,0,0,0,-0.487051793279294,0.037247032112021,0,0,0,0.328448422927959,0,0,0,0,0,0,0,0,0,0,0,0,0,0,-0.26710749149084,0,0,0,0,-0.190602066154144,-0.172991907043784,0,0,0,0,0,0,0,0,0,0,0,0,0,0.175446830859685,0,0,0,0,0.295943913575771,0,0,0,0,0,0,0,0,0,0,0,0,0,0,-0.428808113775697,0,0,0,0,-0.254549424370065,0,0,0,-0.0284220765507856,0,-0.14866112293804,-0.0275227446945092,-0.0241012584425599,0,0,0,0,0,0,0.611782629405034,0,0.0566884377161098,-0.0550200853500434,0,-0.269028186002976,0,-0.205694146541871,0,0.0841846533392482
"12",0,0,0,-0.253526015511819,0,0,0,0,0,-0.233287505511288,0,0.327881200467524,0,0,0,0.0301703847662216,0,0,-0.283927356895454,0,0.0268073552121285,0,0,0.368741018423242,0,0,0,0,0,0.230792961237051,0,-0.260608713717337,0,0.0379509535173552,0,0,0,0,-0.292460770396677,-0.0402576765789069,0,0,0,-0.290889241719712,0,0,0,0,-0.0239742220673356,-0.279832350152652,0,-0.397079450615963,0,-0.021160347439588,0,0,0,0,0.262487810661308,0,0,0,0,0.202698438997421,0,0,0,0,0,-0.196465079136036,0,0.224011741803402,0,-0.0364313669778102,0,0,0,0,0.328041998872253,0,0,0,0,0.283626754741342,0,0,0,0,-0.0335027862918514,-0.347961511862887,0,-0.391179577704892,0,0,0,0,0,0,-0.33786920904029,0,0,0,0,-0.219849556338624,0,0,0,0,0,-0.313046683488289,0,0.0814423125611198,0,-0.0863921403279161,0,0,0,0,0.0961648683697475,0,0,0,0.0544126752836126,0.283877730662289,0,0,0,0,0,-0.312557996090616,0,-0.447971067281013,0,0,0,0,0,0,-0.303082715530831,0,0,0,0,-0.232770344340783,0,0,0,0,0,0.316857445927938,0,0.242405808547917,0,0,0,0,0,0,0.267190188553512,0,0,0,0,0.223368756280775,0,0,0,0,0,-0.260415480064674,0,-0.0249798695423321,0,0,0,0,0,0,-0.299145148845519,0,0,0,0,0.282051105160925,0,0,0,0,0,-0.257965706500658,0,0.25506595248068,0,0,0,0,0,0,-0.350342659980341,0.0972901626041802,0,0,0,0.0571651215616907,0,0.347749035568083,0.117497693947312,0,0.0200931201848744,-0.126657199096747,0,0.514967023668979,0,0.0231634754623293,0,0,0,0,-0.366369048016673,-0.0324150518904362,0,0,0,-0.299812535701969,0,0,0,0,0,-0.265532990556022,0,-0.447283327742179,0,0.0343025347854101,0,0,0,0,0.40010732218272,0,0,0,-0.04032582329718,0.111824700555705,0,0,0.158571452984937,0,0,0.248460033417266,0,0.0481933801409424,0,-0.0300727942491831,0,0,0,0,-0.286802335923798,0,0,0,0,-0.281575277462675,0,0,0,0,0,-0.329730472343744,0,0.400516978374804,0,0.023173797477339,0,0,0,0,0.343028539861576,0.0450725963907444,0.0394345499000468,0,0,0.281535837614302,0,0,0,0,-0.0401667217751184,0.307063027839218,0,0.0528571959497019,0,0,0,0,0,0,0.301895874929932,0.0326766309789331,0,0,0,0.302861169060764,0,0,0,0,0,-0.361805404130426,0,-0.137125311847641,0,0.13961076231553,0,0,0,0,-0.265492172087876,0,0,0,0,0.324884377381561,0,0,0,0,0,-0.427130340362841,0,0.104968881409123,0,0,0,0,0,0,-0.294426630559892,0,0,0,0,-0.172106188922402,0,0,0,0,0,-0.226423256941884,0,0.43880800301762,0,0,0,0,0,0,-0.141199575185723,0,0,0,0,0.2404304547588,0,0,0,0,0,-0.276572866878839,0,-0.0374193791987301,0,-0.0223238948978523,0,0,0,0,-0.284438478795,0,0.0237969222332821,0,0,0.226618664247434,0,0,0,0.141845358876508,0,-0.377494446676279,0,0.121041981210196,0,0,0,0,0,0,0.33714075654818,-0.0313688296107349,0,0,0,-0.257233512256827,0,0,0,0,0,0.365266895669857,0,-0.0507985645340278,0,0.0317989093497893,0,0,0,0,0.273986809925385,-0.0240579992619449,0,0,0,0.297936029781421,0,0,0,0,0.0508695589679336,-0.262770271394928,0,-0.436448830709456,0,0.044840028842704,0,0,0,0,0.203781299088736,0,0.0261820024230951,0,0,-0.0806746075157414,0,0,0,0,0,-0.117957841617315,0,0.469909535583654,0,-0.0768368015520814,0,0,0,0,0.241607174213519,0.0550563850529498,0.0516239261799245,0,0,-0.217212900085565,0,0,0,0,0,0.229857563444095,0,0.357849539848273,0,0,0,0,0,0,0.223201189653174,0,0,0,0,-0.268283614396138,0,0,0,0,0,-0.267422700812148,0,-0.274296696862034,0,0,0,0,0,0,0.306178662045014,0,0,0,0,0.158646097236625,0,0,0,0,0,0.290193987531969,0,0.474777202867487,0,0.0212113694921179,0,0,0,0,0.277404004836933,0,-0.0419009235305481,0,0,0.254345346994501,0,0,0,0,0,-0.216996524859319,0,0.079000495865797,0,0,0,0,0,0,0.267882859821852,0,0,0,0.0765880537803124,0.232247911036222,0,0,0,0,0,-0.188456786177665,0,0.196687795841161,0,0.0394009616113538,0,0,0,0,0.263139644401894,0.0278000725500059,-0.0245420579007374,0,0,-0.188323699137116,0.208052529311294,0,0,0,0,-0.311596409399593,0,-0.0687549055145043,0,0,0,0.0254431841670182,0,0,0.301435664958051,0.0361427861921539,0,0,0,0.243060626164331,0,0,0,0,0,-0.289708257976263,0,0.411869578488076,0,0,0,0,0,0,0.269916266776018,0,0,0,0,-0.253897415886064,0,0,0,0,0,-0.364419932124646,0,-0.0631268482887864,0,0.0272646081370866,0,0,0,0,0.273311177723628,0.0506262876364571,-0.0389716073779182,0,0,0.292866691737413,0,0,0,0,0,-0.287720432244595,0,-0.568922897470717,0,-0.0405819591890181,0,0,0,0,-0.196790464659644,0.0699860113613419,0,0,0,-0.263475456415985,0,0,0,0,0,-0.375027888589612,0,0.556503568028208,0,-0.0553302804687448,0,0,0,0,0.253104880964956,0,0,0,0,0.3159107356526,0,0,0.110048543200153,0,0,0.320485730145662,0,-0.435435286101465,0,0.0567753905393867,0,0,0,0,-0.276790450554019,0,0,0,0,0.327421158569599,0,0,0,0,0,0.190599700072089,0,0.189091615178323,0,-0.021035543114001,0,0,0,0,-0.368603957971742,0,0,0,0,-0.303426603556604,0,0,0,0,0,-0.320312762470316,0,-0.268669849597083,0,0,0,0,0,0,0.351888447904483,0,0,0,0,0.284980173271387,0,0,0,0,0,0.261508398960075,0,0.0361977826493049,0,0,0,0,0,0,-0.291522718855902,-0.0331088247625159,0,0,0,-0.231411016309456,0,0,0,0,0,0.31021447667186,0,0.347477957498367,0,0,0,0,0,0,-0.238387826724108,0,0,0,0,0.284124545544041,0,0,0,0,0,0.309744059404287,0,-0.39770249005657,0,-0.0572169577180643,0,0,0,0,-0.240730007928316,-0.0210933936528858,0,0,0.0675907387786183,-0.311227033283078,0,0,0,0,0,0.332141997988031,0,-0.161901023195118,0,0.0314313443994518,0,0,-0.213676298819964,0,-0.371897068383141,0,0,0,0,-0.209099078050651,0,0,0,0,0,-0.222205383895223,0,-0.0314288335162365,0,0,0,0,0,0,-0.325272978672277,0,0.0248761674304436,0,0.0354790836533909,0,0,0,0,0,0,0.2523438882897,0,-0.644385475365058,0,-0.0217031755380483,0,0,0,-0.183661740300041,0.321882764739426,-0.0228258040055513,0,0,0,0.201433069533987,0,0,0,0,0,-0.256317258759796,0,0.0509419019716289,0,0,0,0,0,0,-0.223457498357691,0,0,0,0,-0.28293111131634,0,0,0,0,-0.0228237822782613,0.323655437346032,0,0.0611877202642426,0,0,0,0,0,0,0.321340042326588,0,0,0,0,0.188579062783084,0.103440737925584,0,0,0,0,0.356260309836051,0,-0.557807893770184,0,0.0356265806089487,0,0,0,0,0.285824515955885,0,0,0,0,-0.25356146583875,0,0,0,0,0,-0.195383016234568,0,-0.478199229003797,0,0,0,0,0,0,-0.315082091195114,0,0.0680806947710123,0,0,0.217510388449564,0,0,0,-0.206302241322962,0,0.347280607381219,0,0.555153704544051,0,0.148175643654684,0,0,0,0,-0.295531262929066,0,0,0,0,-0.209505015010592,0,0,0,0,0,0.258694237429868,0,0.227315961739681,0,0,0,0,0,0,0.29962665342744,0,0,0,0,0.220118454050346,0,0,0,0,0,-0.243118238146732,0,0.31146788245974,0,0,0,0,0,0,0.31347305144379,0,0,0,0,-0.266673483047683,0,0,0,0,0,0.322544971724178,0,0.487008626531402,0,0.0365072140255734,0,0,0,0,-0.264530441268493,0
"13",0,0.214625229507346,0,-0.101796869312311,0,0,0,0,0,0,0,0,0.208472485469188,0,0,0,0,0.0211321084590637,0,0,0,0,0,0,0,0,0,0,0,0,0,0,-0.366058861946014,0,0,0,0,0,0,0,0,0,0,0,0,0,0,0,0,0,0,0,0.239625035065638,0,0,0,0,0,0,0,0,0,0,0,0,0,0,0,0,0,0,0,0.0444618281065005,0,0,0,0,0,0,0,0,0,0,0,0,0,0,0,0,0,0,0,-0.0785799155668151,0,0.189002802311859,0,0,-0.0441099190038135,0,0,0,0,0,0,0,0,0,0,0,0,0,0,0.484371807683138,0,0,0,0,0,0,0,0,0,0,0,0,0,0,0,0,0,0,0,0.355014580239218,0,0,-0.163018709058838,0,0,0,0,-0.0290784617921462,0,0,0,0,0.383375774698454,0,0,0,0,0,0,0.45029030769657,0,0,0,0,0,0,0,0,0,0,0,0,0,0,0,0,0,0,0,-0.222504736007327,0,0,0,0,0,0,0,0,0,0,0,0,0.172201248849653,0.350494780822798,0,-0.0813802106325535,0,0,0,0.539265271269287,0,0,0,0,0.120702446393095,0,0.0239713854803583,0,0,0,0,0,0,0,0,0,0,0,0,-0.141470055381063,0,0,0,0.196106422022548,0.0209759876226746,0,0,0,0,0,0,0,0,0,0,0,0,0,0,-0.0688397044217432,0,0,0,0,0,0,0,0,0,0,0,0,0,0,0,0,0,0,0,-0.200815148781519,0,0,0,0,0,0,0,0,0,0,0,0,0,0,0,0,0,0,0,0.519537220382076,0,0,0,0,-0.137056056459654,0,0,0,0,0,0,0,0,0,0,0,0,0,0,0.186129440917572,0,0,0,0,0,0,0,0,0,0,0,0.097893937466362,0,0,0,0,0,0,0,0.0858558823373227,0,0,0,0,0,0,0,0,0,0,0,0,0,0,0,0,0,0,0,0.054298511097757,0,0,-0.0923168732064087,0,-0.0293590024669498,0,0,0,0,0,0,0,0,0,0,0,0,0,0,0.297431042823625,0,0,0,0,0,0,0,-0.0358181243544579,0,-0.1682165808231,0,0,0,0,0,0,0,0,0,0.426204013213529,0,0,0,0,0,0,0,-0.0381493491075119,0,0,0,0,0,0,0,0,0,0,0,0.0995181366826527,0,0,0,0,0,0,0,0,0,0,0,0,0,0,0,0,0,0,0,-0.11537112088524,0,0,0,0,0.0370903204083269,0,0,0,-0.0594591298921881,0,0,0,0,0,0,0,0,0,-0.140177180372837,0,0,0,0,0,0,0,0,-0.0402910361082236,-0.276562519665203,0,0,0,0,0.223690098680814,0,0,0,0,0,0.38076085342405,0,0,0,0,0,0,0,-0.0234914172216956,0,0,0,0,0.227452838711706,0,0,0,0,0,0,-0.204429650423918,0,0,0,0,0.028733926465907,0,0,0,0,0,0,0,0,0,0,0,0,0,0,-0.271144802779377,0,0,0,0,0,0,0,0.0699078325258866,0,0,0,0,0,0,0,0,0,0,0,-0.298389935812975,0,0,0,0,0,0,0,0,0,0,0,0,0,0,0,0,0,-0.287926702012127,0,-0.159341733921356,0,0,0,0,0,0,0,0.0351625992974279,0,0,0,0,0.224686150404748,0,0,0,0,0,0,-0.281927707719487,0,0,0,0,0,0,0,0,0,0,0,0,0,0,0,0,0,0,0,0.133059427517119,0,0,0,-0.220580898569585,0,0,0,-0.0369863095946144,0,0,0,0,0,0,0,0,0,0,0,-0.428189111788981,0.404046738229655,0,0,0,0,0,0,0.0865449000405684,0,0,0,0,0,0,0,0,0,0,0,-0.155999176848101,0,0,0,0,0.161303261228786,0,0,-0.0321233483299508,0,0,0,0,0,0,0,0,0,0,0,-0.131444281163962,0,0,0,0,0,0,0,0,0,0,0,0,0,0,0,0,0,0,0,-0.342478905994737,0,0,-0.272996656006479,-0.268989412044615,0,0,0,0.0495830849800709,0,0,0,0,0,0,0,0,0,0,0,-0.441744740369726,0,0,0,0,0,0,0,0,0,0,0,0,0,0,0,0,0,0,0,0.255110733013246,0,0,0,0,0.0212685853901109,0,0,0.12285794073951,0,0,0.058158799635624,-0.408582637212784,0,0,0,0,0,0,0,0.421559454766243,0,0,0,0,0,0,0,0,0,0,0,0,0,0,0,0,0,0,0,-0.331260777203419,0,0,0,0,0,0,0,0,0,0,0,0,0,0,0,0,0,0,0,-0.360842355489774,0,0,0,0,0,0,0,0,0,0,0,0,0,0,0,0,0,0,0,-0.216036737140404,0,0,0,0,0,0,0,0,0,0,0,0,0,-0.145334802302577,0,0,0,0,0,0.134389561347255,0,0,0,0,0,0,0,0,0,0,0,0,0,0,0,0,0,0,0,0.513347140549049,0,0,0.30425926182708,0,0,0,0,0.0214234733604921,0,0,0,0,0,0,0,0,0,0,0,-0.562035201943327,0,0,0,0,0.112504822371192,0,0,0,0,0,0,0,0,0,0,0,0,0,0,-0.0815243263723307,0,0,0,0,0,0,0,0,0,0,0,0,0,0,0,0.238972930395813,0,0,0,-0.0900398378673898,0,0,0,0,0.0243535465121496,0,0,0,0,0,0,0,0,0,0,0,0,0,0,0.119044858482531,0,0,0,0,0,0,0,0,0,0,0,0,0,0,-0.0222929507680302,0,0,0,0,0.466388267970566,0,0,0,0,-0.0232374401816894,0,0,0,0,0,0,0,0,0,0,0,0,0,0,0.0442803979812454,0,0,0,0,0,0,0,0,0,0,0,0,0,0,0,0,0,0,0,-0.290226386597007,0,0,0,0,0.118156106685663,0,0,0,0,0,0,0,0,0,0,0,0,0,0,0.299781578841869,0,0,0,0,0,0,0,0,0,0,0.170898643119214,0,0,0,0,0,0,0,0,-0.33950498003576,0,0.211684777933412,0,0,-0.027982095743993,0,0
"14",0.0437691966286091,0,0.323270666278701,0,0,0,0,0,0.191374827285315,0,0,0,0,-0.116702279250026,0,0,0,0,-0.203250113632909,0,-0.0707577420876245,0,0.187178940880817,0,0,0,0.0250966086431332,0.0710651630994202,0,0,0,0,0,0.223639857673989,0,0,0,0,-0.186672849498764,0,0,0,-0.234653569292452,0,0,0,-0.0396424279948853,0,0,0,0,0,0,0.183070718389502,0,0,0,0,0.264938976736208,0,0,0,-0.321662568266672,0,-0.0469055758415257,0,0,0,0,0,0,0,0,-0.106629074975139,0,0,0,0,-0.287688643832663,0,-0.0685338443189974,0,0.233852747309598,0,0,0,0.0353415605073769,0,0,0,0,0,0,0,0,0,0,0,0.302154387312962,0,0,0,-0.229481612299168,0,0,0,0,0,0.156565564987155,0,0,0,0,-0.125239737328654,0,0,0.0347973722864436,0,0.253732628039279,0,-0.0269914164613103,0,-0.303859810615892,0,0,0,-0.0602024375598936,0,0,0,0,0,0,0.316429237596901,0,0.426371409320778,0,0,0.267642714149016,0,0.032079067668412,0,-0.0474580211072542,0,0,0,0.0274189406840001,0,0,0,0,0,0,-0.250811936464334,0,0,0,0,0.174062745952704,0,-0.0239219155598254,0,-0.465768002825609,0,-0.370554047112983,0,0.0334468445978738,0,0.0454261832062544,0,0,0,0,-0.375840382409969,0,-0.0546188075313931,0,0,0.319279414263975,0,0,0,0.244706709039627,0,0,0,-0.0214268935712348,0,0,0,0,0,0,0.0653829959828878,0,0,0,0,0.24121819541799,0,-0.0632042026348583,0,-0.105316886324805,0,0,0,0,0.16108181725165,0,-0.339817253423555,0,0,0,0.243249775995873,0,0,-0.0225897727484943,-0.120790139291363,-0.254255453196132,0,0,0,0.289495956509047,0,0,0,0,-0.16543863100846,0,0,0,0,0,-0.021346939021847,0,0,0,0,-0.242009616492829,0,-0.0612647645505473,0,-0.282869852735036,0,0,0,0.0238984251025478,0.228677710077028,0,0,0,0,0,-0.125332956914668,0,0,0,0,0.36524192014623,0,0,0,-0.297182522972933,0,0,0,0,0,0,0,0,0,0,-0.259942145559541,0,0,0,0,0.16225279686267,0,0.0965954503968657,0.040104345214421,-0.293635828872305,0,0,0,0,0,0,0,0,0,0,-0.264574088538425,0,0,0,0,-0.294340718434055,0,0.149621579329396,0.0713921892425973,-0.29774825636447,0,0,0,0.0281399561245931,0,0,0,0,0,0,-0.32918955706479,0,0,0,0,-0.246689874535726,0,0,0,-0.285907739797195,0,0,0,0,0,0,0,0,0,0,0.224108747494967,0,0,0,0,-0.287058557729096,0,0.0244103581290951,0,-0.264822493864018,0,0,0,0,0,0,0,0,0,0,-0.289056443337249,0,-0.0254819750899876,0,0,-0.226724735764297,0,-0.0265414634800002,0,0.22461787195059,0,-0.0393289048382326,0,0,0,0,0,0,0,0,0,0,-0.434318060377802,0,0,0.208603628874697,0,0,0.0200271087533372,0.28795072577188,0,0,0,0,0,0,0,0,0,0,0.0675864991872609,0,0,0,0,0.218445826177288,0,-0.0227822794437389,0,0.290687539338879,0,0,0,0,0,0,0,0,0,0,-0.0680278834261609,0,0,0,0,-0.225627837482088,0,-0.0326998409240587,0,0.211575682397975,0,0,0,0,0,0,0,0,0,0.39680189211881,-0.102607756410261,0,0,0,0,-0.358726091376157,0,0,0,-0.340684054544171,0,0,0,0,0,0,0,0,0,0,-0.494814715507958,0,0,0,0,0.299479533659691,0,0.0266432819410195,0,-0.240557153334957,0,0,0,0.026303512708459,0,0,0.231384781761365,0,0,0,0.0328821900943048,0,0,0,0,-0.246997419108722,0,0.0285549800358906,0,0.309710431613398,0,0,-0.196809028423837,0,0,0,0,0,0,0,0.0806626978625384,0,0,0,0,-0.238653840332835,0,0,0,0.371512488200269,0,0,0,0,0,0,0,0,0,0.25146204940855,-0.0265436314151908,0,0,0,0,0.305047061789587,0,0.0644184590878501,-0.0762291801490335,-0.319108938563421,0,0,0,0,0,0,0,0,0,0,-0.179120964740772,0,0,0,0,-0.178860063256219,0,0,0,0.257514653246192,0,-0.154629707838697,0,0.0252260811597606,0,0,0,0,0,0,-0.154740902953143,0,0,0,0,-0.319988862000233,0,-0.0276315209279381,0,0.435175877053098,0,0,0,-0.0271001640803676,-0.280557269132691,0,0.140982740919276,0,0,0,-0.118089146578763,0,0,0,0,0.200745391690774,0,0,0,-0.263189472844051,0.0234533401529653,0,0,0,0,-0.0565417094565685,-0.034133733203642,0,0,0,-0.50095874684042,0,0,0,0,-0.195910443025846,0,0,0,0.235702063910797,0,0,0,0,0,0,0,0,0,0,-0.0824417017602779,0,0,0,-0.223014377216011,-0.256913726266116,0,0,0,0.368640368335784,0,0,0,0,0,0,0,0,0,0,-0.0576443843941476,0,0,0,0,0.347839178315986,0,0,0,0.206709349148053,0,0,0,0,0.11132744839048,0,0,0,0,0,0.494973522116514,0,0,0,0,-0.252803818343096,0,0,0,0.100719314729389,0,0,0,0,0,0,0,0,0,0,-0.164085973768052,0,0,0,0,-0.2022937533885,0,-0.0381000494776069,0,0.325445192178727,0,0,0,0.0248093122161242,0,0,0,0,0,0,-0.384751613081703,0,0,0,0,0.30797957967357,0,-0.0313288945602581,0,0.231411583462065,-0.0243332903231549,0,0,-0.027678014914832,0,0,0,0,0,0,-0.323773235072379,0,0,0,0,0.286334955874368,0,0,0,-0.254877720445246,0,0,0,0.0355172998739251,0,0,0,0,0,0,-0.272955441677904,0,0,0,0,0.275384909674379,0,0,0,0.213859555838415,0,0,0,0,0,0,-0.253333554404338,0,0,0,-0.317696885366615,0,0,0,0,0.335987869386622,0,0,0,-0.269417660500236,0,0,0,0,0,0,0,0,0,0,-0.406651007650339,0,0,0,0,-0.285490234283637,0,0,0,0.228069759391562,0,0,0,0.022703996632159,0,0,0,0,0,0,-0.027912832559693,0,0,0,0,-0.302349203047983,0,0,0,-0.328147028211661,0,0,0,0,0,0,0,0,0,0,0.337809658350816,0,0,0,0,0.379320121392786,0,0.0893599014908092,-0.0379102505824866,0,0,-0.20893173156841,0.0672626158362631,0.042296001719568,0,0,0,0,-0.0990421657246239,-0.060594801569064,-0.436116225326521,0,0.270796113889248,-0.209069121037019,0.0418601324536362,-0.14547600479852,0,0.127157712241607,-0.0261755073876079,0.181412740961353,0,0,0,0,0,0,0,0,0,0,0,0,0,0,0,-0.259158699483541,0,0,0,-0.283173488639691,0,0,0,0.0206534377663396,0,0,0,0,0,0,0.195213278611544,0,0,0,0,0.258673938208558,0,0,0,0.190385606038806,0,0,0,0.08169836737813,0,0,0,0,0,0,-0.277108140795744,0,0,0,0,-0.246881733694934,0,0,0,-0.330550832678708,0,0.0911317559643284,0,0,0,0,0,0,0,0,0.447173718372181,0,0,0,0,0.270546182287871,0,0,0,0.288882970101389,0,0,0,0,0,0,0,0,0,0,0.438409116609884,0,0,0,0,0.280190018674587,0,0.115343207576823,0,0.263505670892968,0,0,0,0,0,0,0.0459750588179698,0,0,0,-0.0210068155996999,0,0,0,0,-0.206749232503112,0,0,0,0.331728841293751,0,0,0,0,0,0.254452583550666,0,0,0,0,-0.109739913329027,0,0,0,0,0.288150722391584,0,0,0,0.250653863649775,0,0.172128476111407,0,0,0,0,0,0,0,0,-0.247497842680417,0,0,0,0,-0.282397384923334,0
"15",0,0,0,0,0,0,0,0,0,0,0,0,0,0.297222114818203,0.0946401505100902,0,-0.304967394592628,0,0,0,0,0,0,0,0,0,0,0,0,0,0,0,0.375725172125456,-0.32482323684565,0.0912278181647769,0,0.241183079046143,0,0.0587216396868735,0,0,0,0,0,0,0,0,0,0,0,0,0,0,0.258132614629318,0.0590152567377135,0,-0.277123177597691,0,0,0,0,0,0,0,0,0,0,0,-0.209269884827949,0,0,0,0,0.340966374515876,-0.466931325063209,0,0.243336134043343,0,0,-0.175035567604935,0,0,0,0,0,0,0,0,0,0,0,0,0,-0.226799914204039,-0.0284163903127972,0,0.114978815175006,0,0,0,0,0,0,0,0,0,0,0,0,0,0,0,0,-0.266423459595729,0.553003199754726,0,-0.154729984094052,0,-0.115426990735768,0,0,-0.0300409491384048,0,0,0,0,0,0,0,0,0,0,0,0.284259000611415,-0.189632907712958,0,-0.20882909641435,0,0.206739216401622,0,0,0,0,0,0,0,0,0,0,0,0,0,0,0.142811404316949,-0.189639768467515,0,-0.279541934712406,0,0,0,0,0,0,0,0,0,0,0.0835355215831819,0,0,0,0,0,0.0225090096184472,-0.126196353241336,0,-0.14186145251688,0,0,0,0,0,0,0,0,0,0,0,0,0,0,0,0,0.148553240632096,0.367939816033624,0,0.15997328224196,0,0,0,0,0,0.400807729456191,0.138668283335926,0,0,-0.0789092493931259,0,0,0.275315675714346,0,0.131333513554298,0,-0.133052767962421,0.125854563136705,0,0.217063419592376,0.191821358556985,0,0.395078933459962,0,0,0,0,0,0,0,0.155237213373856,0,0,0,0,0,-0.240378615896729,0.539261217645024,0,0.319404059539434,0,0,0,0,0,0,0,0,0,0,0,0,0,0,0,0,-0.300766283612972,-0.477403684079959,0,0.294560367538249,0,0,0,0,0,0,0,0,-0.187786862464662,0,0,0,0,0,0,0,-0.306685140267696,0.342184251205253,0,-0.268886154238269,0,0,0,0,0,0,0,0,0,0,0,0,0,0,0,0,-0.249981961810065,-0.0323103355374448,0,0.272407842708132,0,0,0,0,0,0,0,0,0,0,0,0,0,0,0,0,-0.307515280853457,0.094235932905738,0,-0.296062109959178,0,0,0,0,0,0,0,0,0,0,0,-0.270104875573319,0,0,0,0,-0.286524333041412,0,0,0.260274581378788,0,0,0,-0.0794067216944698,0,0,0,0,-0.0694480111552121,0,0,0.0803656506165294,0,0.0805851576490418,0,0,-0.273137289330668,0.344752866644153,0,-0.15215209861962,0,0,-0.0774085413557186,0,0,0,0,0,0,0,0,0,0,0,0,0,-0.307344718464865,-0.385892607397125,0,-0.25815218327426,0,0,0,0,0.173050207476431,0,0,0,0,0,0,0,0,0,0,0,0.16087994813399,0.109529313348021,0,0.266199544505205,0,0,0,0,0,-0.395337546999632,0,0,0,0,0,0,0,0,0,-0.0880295540206827,0.356455110067302,-0.345599996332805,0,-0.246019541124706,0,0,0,0,0,0,0,0,0,0,0,0,0,0,0,0,0.258775767758285,0.0402692969706844,0,-0.262535132034356,0,0,0,0,0,0,0,0,0,0,0,0,0,0,0,0,0.244187672309053,-0.021391055787206,0,0.18527769755886,0,0,0,0,0,0,0,0,0,0,0,0,0,0,0,0,-0.389442301438785,-0.0599999775014489,0,0.270324459935466,0,0,0,0,0,0,0,0,0,0,0,0,0,0,0,0,0.210191483849603,-0.403612376043058,0,-0.279766113326048,0,0.0778456896523022,0.233064373538052,0,0,0,0,0,0,0,-0.174881297932401,0,0,0,0,0,0.252042276786323,-0.187894311856809,0,0.285436778616754,0,0,0,0.179695304847738,0,0,0,0,0,0,0,0,0,0,0,0,0.323364581774796,-0.295651495956407,0,0.338870844769938,0,0.089210810767722,0,0,0.169968310520996,0,0,0,0,0,0,0,0,0,0,0,-0.179833167296808,-0.142911615083326,0,0.114782360475981,0,0,0,0,0,0,0,0.174323080753187,0,0,0.0890720889000919,0,0,0.0904988504041113,0,0,-0.281428273957945,0.387404216025339,0,-0.298306739667582,0,0,0,0,0,0,0,0,0,0,0,0,0,0,0,0,0.24581974976397,-0.158413856823506,0,0.279878793880987,0,0,0,0,0,0,0,0,0,0,0,0,0,0,0,0,0.184215763820113,0.0931989381427122,0,-0.192023053352826,0,0.148168728906378,0,0,0,0,0,0,0,0,0,0,0.302131267305458,0.293564253090956,0,0,0.329076616440298,0.0246785008716923,0,0.293126043655805,0,0,0,0,0,0,0,0,0,0,0,0,0,0,0,0,0.258657402526703,0.426784283201981,0,0.291663359000048,0,0,0,0,0,0,0,0.214691098784361,0,0,0,0,0,0,0,0,-0.394066621655687,-0.24663350833653,0,-0.242995163397643,0,0,0,0,0,0,0,0,0,0,0,0,0,0,0,0,-0.314462296863465,-0.102239294053006,0,-0.229036915614303,0,0,0,0,-0.100010213494419,0,0,0,0,0,0,0,-0.135415351132857,0.128712085348894,-0.0271812417008363,0,-0.324856336284764,-0.0911777034752748,0,0.274919859979305,0,0,0,0,0,0,0,0,0,0,0,0,0,0,0,0,0.294351631662042,-0.326349919887816,0,0.137045582237849,0,0,0,0,0,0,0,0,0,0,0,0,0,0,0,0,0.312446273507797,-0.324986399648957,0,-0.20503430334831,0,0,0,0,0,0,0,0,0,0,0,0,0,0,0,0.207413691627464,0.328823302593232,-0.0922615996992284,0,0.240438923596782,0,0,0,0,0,0,0,0,0,0,0,0,0,0,0,0,-0.134622740560561,0.127558667788913,0,-0.247725980533714,0,0,0,0,-0.236688106838374,0,0,0,0,-0.0281977635581492,0,0,0,0,0,0,0.255875232653706,-0.146329891626753,0,0.222973357715396,0,0,0,-0.0644184845873227,0,0,0,0,0,0,0,0,0,0,0,0,0.174080393485373,-0.0829944118389882,0,-0.134883789432328,0,0,0,0,0,0,0,0,0,0,0,0,0,-0.264057170657522,0,0,0.265848643424442,0.305597868361849,0,-0.274100918883414,0,0,0,0,0,0,0,0,0,0,0,0,0,0.0357413611395386,0,0.0867024111623761,-0.245980274482398,-0.2356137480913,0,-0.187052744594405,0,0,0,0,0,0,0,0,0,0,0,0,0,0,0,0,0.0933170515873442,-0.0681903232872477,0,0.140362025604481,0,0,0,0,0,0,0,0,0,0,0,0,0,0,0,0,0.286315448246948,-0.26236027669296,0,0.219949699578737,0,0,0,0,0,0,0,0,0,0,0,0,0,0,0,0,-0.265767659647906,-0.0887663076307889,0,-0.332370043165687,0,0,0,0,0,0,0,0,0,0,0,0,0,0,0,0,-0.310581025707241,-0.33658839848028,0,0.233933944511749,0,0,0,0,0,0,0,0,0,0,0,0,0,0,0,0,0.303619595178418,0.145832350940125,0,-0.248450642516316,0,0,0,0,0,0,0,0,0,0,0,0,0,0,0,0,0.297069174984754,-0.466432013988335,0,-0.156193225208685,0,0.232145374382516,0
"16",0,0,0,-0.313616611928645,0,0,0.210474802618715,0,0,0,0,0,0,0,0,-0.164427804420038,0,0,0,0,0,0,0,0.276659811272069,0,0,-0.273060616773768,0,0,0,0,0,0,0,-0.049030163439125,0.512384258109822,0,0.0330834808077314,0,0,0,0,0,-0.234657918461846,0,0.231416371240328,-0.314307480185414,0,0,0,0,0,0,0,0,-0.486896331656791,0,0,0,0,0,0,0,-0.278291352881764,0,0,0.267400754181163,0,0.0804506102984915,0,0,0,0,0,0,-0.404607251332263,0,-0.0528144401147859,0,0,0,0,0,0.208306542944657,0,0,0.241955723611307,0,0,0,0,0,0,0,0,0.213798994658675,0,0,0,0,0,0,0,-0.285620812236257,0,0,0.239941836461407,0,0,0,0,0,0,0,0.0226829954526888,0.504994861518895,0,0,0,0,0,0,0,0.267109438933696,0,0,0.279835827437927,0,0,0,0,0,0,0,0,-0.239577053012289,0,0,0,0,-0.0914179295321282,0,0.0810823827449321,0.297365898628338,0,0,-0.191818570759979,0,0,0,0,0,0,0,0,0.29778098937237,0,0,0,0,-0.284819822122535,-0.301987504240684,0,0.259395895746639,0,0.195673061078469,0.222907718199809,0,0,0,0,0,0,0,0.0294379344977189,0.504135026843121,0,0,0,0,0,0,0,-0.244223553770198,0,0,-0.277749778570115,0,0,0,0,0,0,0,0,0.452534303951956,0,0,0,0,0,0,0,-0.103431102990196,0.0334088535503337,-0.0509978685690119,-0.100507078802123,0,0,0,0.0941912292790434,-0.0610880595091192,0,0,0,0.316520557282089,0,0,0,0,0,0,0,-0.334040270961634,0,0,-0.219344327491565,0,0,0,0,0,0,0,0,-0.217244219111905,-0.047916521599265,0,0,0,0,0,0,0.244214798884121,0,0,0.168973280711099,-0.0228813160527832,0,0,-0.0392687544676713,0,0,0,0,0,0,0,0,0,0,0,0,0.233716950862758,0.122501638992985,0,0.379291875331675,0,0,0,0,0,0,0,0.0544522642701448,0.0422028126533882,0,0,0,0,0,0,0,-0.336177788965489,0,0,0.248520021530503,0,0,0,-0.272552060392298,0,0.164967425091093,0,0,-0.15879652420166,0,0,0,0,0,0,0,-0.209852832837097,0,0,-0.266209462848412,0,0,0,0,0,0,0,0,0.442921573074037,0,0,0,0,0,0,0.0777947451438075,-0.281314768456172,0,0,-0.215706084317885,0,0,0,0,0,0,0,0,0.518972394439256,0,0,0,0,0,0,0,0.355534127877293,0,0,-0.263156735430846,0,0,0,0.321709339304774,0,0,0,0,-0.349050310064547,0,0,0,0,0,0,0,0.32279179861782,0,0,0.324043595147894,-0.0234480439666884,0,0,0,0,0,0,0,-0.234611775503231,0,0,0,0,0,0,0,-0.303442131637593,0,0,0.282995653262779,0,0,0,0,0,0,0,-0.0237899228317672,0.232362792792787,0,0,0,0,0,0,0,0.253333672824414,0,0,0.214607394083225,0,0,0,0,0,0,0,0,-0.538353148029841,0,-0.0222009761031116,0,0,0,0,0,0.231220590180166,0,0.0545425535070392,0.329704378737139,0,0.020287659822271,0,0,0,0,-0.0615571140071026,0.0235174935657202,-0.457477288122472,0,-0.0273157194988715,0,0,0,0,0,0.333080321222396,0,0,-0.272061814162112,0,0,0,0,0,0,0,0,-0.485956854880867,0,0,0,0,0,0,0,0.271124943409633,0,0,-0.163002216810474,0.0204078570435948,0,0.136182590170528,0,0,0,0,0,-0.498683864924242,0,0.0232221719118232,0,0,0,0,0,0.229407669548641,-0.334640700492489,0,0.284059904755487,0,0,0,0,0,0,0,0.0235392041375516,0.066287660536354,0,0,0,0,0,0,0,-0.304302465262496,0,0,-0.309630236988136,0,0,0,0,0,0,0,0,-0.42573476770948,0,0,0,0,0,0,0,-0.249783112944618,0,0,0.290671178473626,0,0,0,0,0,0,0,0,0.21174494836417,0,0,0,0,0,0,0,-0.332379874461204,0,0.0948024319687018,0.258219383688687,0,0,0,0,0.242451076018302,0,0,0,-0.0681381743905141,0.0547833665073614,0.0652008526372036,0,0,0,0,0,0.343019972953596,0,0,0.384117091582652,0,0,0,0,0,0,0,0.076151078025423,0.493375872119809,0,0,0,0.0738131118428546,0,0,0,-0.232174805343859,0,0,0.267429656434352,0,0,0,0,0,0,0,0,0.180441563343647,0,0,0,0,0,0,0,0.231279362063665,0,0,0.367630108450088,0,0,0,0,0,0,0,0,-0.362646376855168,0.0220296197638449,0.0596413169148376,0,0,0,0,0,-0.369077358173505,0,0,-0.322638939875332,0,-0.124784391395896,0,0,0,0,0,0,-0.37408286770024,0.0676984478361178,0.0316136135761555,0,-0.110917443876479,0,0,0,-0.196924935534103,0,0,-0.235895704759588,0,0.152725759998038,0,0,0,0,0,0,-0.124053439956457,0,0,0,0,0,0,-0.0720236595082299,0.191039666066668,0,0,0.226734795557174,0,0,0,0,0.184521060236332,0.0250063336629873,0.332750190523149,0,-0.184157874314601,0,-0.0200640388846303,0,0,0,0,0,0.234226283214944,0,0,-0.295803595451846,0,0,0,0,0,0,0,0,0.194968297634204,0,0,0,-0.296520015225978,0,0,0,-0.286847854653626,0,0,-0.211208165445219,0,0,0,0,0,0,0,-0.0204354838218213,0.160196912136739,0,0.0435161132393967,0,0,0,0,0,0.303311597187644,0,0,0.340685717942329,0,-0.0339323230052233,0,0.0342205643584396,0,0,0,-0.0749863656628571,-0.476232412666388,0,0,0,0,0,0,0,0.291354259264458,0.254000385432861,0,-0.265280567100234,0,0,0,0,0,0,0,0,0.0365835479811311,0,0,0,0,0,0,0,0.419032124963718,0,0,0.291012550328082,0,0.0227110011211309,0,0.0599110766679519,0,0,0,-0.0760421974137801,0.535310186725704,0,0,0,0,0,0,0,0.309805474025357,0,0,-0.203621942030999,0,0,0,0,0,0,0,0.063129752284241,-0.457023278824605,0,0.024158735853402,0,0,0,0,0,0.268647720553508,0,0,0.314390153519573,0,0,0,0,0,0,0,0,0.291213715194607,0,0,0,0,0,0,0,-0.193786639260766,0,0,-0.256148525625378,0,0,-0.182983044338359,0,0,0.0470734734817432,0,-0.0337857189129336,-0.339850500872474,0,-0.0424359036953868,0,0,0,0,0,0.327339018343405,0,0,0.335545636102982,0,0,0,0.126615576349651,0,0,0,0,0.200124145256572,0,0,0,0,0,0,-0.0407726891814495,-0.276636465586084,0,0,-0.32710179693558,0,0,0,0,0,0,0,0.0271323576015972,0.428187210357844,0,0,0,0,0,0,0,0.260459411682883,0,0,-0.314945788703563,0,0,0,0,0,-0.112494033769403,0,0.0351845061027719,0.151377662118129,0,0,0,0,0,0,0,-0.242600750417803,0,0,-0.325946004283207,0,0,0,0,0,0,0,0,0.176957270028279,0,0,0,0,0,0,0,0.219710967373969,0,0,-0.414753108919732,0,0,0,0,0,0,0,0.0215944697672969,-0.0625267655757293,0,0,0,0,0,0,0,0.267689535611997,0,0,-0.311443379559645,0,-0.0920648139098373,0,0,0,-0.108847179010006,0,0,-0.0542280285155032,0,0,0,0,0,0,0,-0.281189519239951,0,0,-0.249936689182016,-0.0309861881129612,0,0,0,0,0,0,0,-0.452802305630388,0,-0.0594491720148812,0,0,0,0,0,-0.26089502870034,0,0,0.35506038295119,0,0,0,0,0,0,0,-0.0315275145699794,0.239989110662834,0.0710075311861655,0,0,0
"17",0,0,0,0,-0.0214291583837206,0,0,0,0.312929300834946,0,0.259582431914339,0,0,0,-0.270189826174614,0,-0.0224942274436197,0,0,0,0,0,0,0.203928196488035,0.100771876832689,0,0.0764026242492464,0,0.170573142777675,0,0,0,0,0,0.217092676465629,0,0.0935671841434285,0,0,0,0,0,0,0,-0.153591018157081,0,0,0,-0.355921948419706,0,0,0,0.0958554316185651,0,0.402869385019993,0.0239676261146793,0,0,0,0,0,0,0,0,-0.0260952460275697,0,0,0,-0.182869975423026,0,0,0,0,-0.0414799482086668,0.348789186601667,0,-0.474189863695784,0,0,-0.0268852757478417,0,0,0,0,0,0,0,0,-0.213255974218905,0,0,0,0,0.0277613059606647,-0.240580867254674,0,0.250983870755785,0,0.069196424503276,0,0,0,0,0,0,0,-0.0229434349137261,0,0.32583550567149,0,0,0,0,0,0.221421119764343,0,-0.117330043106479,0,0,0,0,0,0,0,0.0474808613777516,0,-0.0295144511546643,0,0.114256734465709,0,0,0,0,0,0.273266221556748,0,0.0265081515582444,0,-0.0465501213609349,0.15762393777176,0,0,0,0,0,0,0,0,0.30958338784458,0,0,0,0,0,-0.299746823981224,0,-0.239804469791972,0,0,0,0,0,0,0,0,0,0,0,-0.244015642934607,0,0,0,0,0,0.259641778704659,0,-0.465747817319959,0,0,0,0,0,0,0,0,0,0.0286357779256118,0,-0.261494092000741,0,0,0,0,0,-0.293714278339599,0,-0.0338384404123952,0,0,0,0,0,0.152625115530903,0,0,0,0,0,0.119664113480609,0,0,0.113916519321187,0,0,0.0793674865023222,0,0.355913518795121,0,-0.0449251536536626,0.134410766402495,0,0,0,0,0.115868562490984,0,0,0,-0.245643874545226,0,0,0,0,0,0.273740759113966,0,-0.105145486045423,0,0,0,0,0,0,0,0,0,0,0,-0.277540015626409,0,0,-0.0285742901567462,0,0,-0.330088180304034,0,-0.0980690986540881,0,0,0,0,0,0,0,0,0,0,0,0.263021615923845,0,0,0,0,0,0.383983191175652,0,0.119581446054475,0,0,0,0,0,0,0,-0.0468568879429215,0,0,0,0.218937406730226,0,0,0,-0.0759794313127078,-0.028122706319256,-0.258121080993144,0,-0.526651893829839,0,0,0,0,0,0,0,0,0,0,0,0.285806452808845,0,0,0,0,0,-0.290083649075444,0,0.172228542809287,0,0,0,0,0,0,0,0.0253804917697555,0,0.0292781537396294,0,-0.160183734606828,0,0,0,0,0,-0.222443839975445,-0.0296972155536481,0.551237193633096,0,0,0,-0.0256459896382998,0,0.106410995254386,-0.368956471533251,-0.0912503018028811,0,0,0,-0.216344560235949,0,0,0,0,0.0276478562807029,0.328096261413411,0,-0.432729712454032,0,0,0,0,0,0,0,0.0394285951911841,0,0,0,0.291202726591238,0,0,0,0,0.02349232924236,0.305046354668904,0,0.104005301955718,0,0,0,0,0,0,0,0.0383195483592879,0,0,0,-0.264164706321334,0,0,0,0,0,-0.289998971104197,0,-0.452014821791847,0,0,0,0,0,0,-0.0817730494683277,0.0385450426308259,0,0,0,0.327251083108225,0,0,0,0,0,0.223621712560433,0.0456693898418882,0.330570735735411,0,-0.0817539024629593,0.103677280017239,0.133314457014516,0,0,0,0,0,0,0.320543627032066,-0.233344224499105,0,0,0,0,0,0.281492336810302,0,-0.222005342716022,0,0,0,0,0.345325809496235,0,0,0.0562402912685751,0,-0.0257390573574191,0,0.289973014950597,-0.267684167420213,0,0,0.095050187450172,0,-0.0652424841086617,0,-0.500845119967426,0,0,0,0,0,0.0641254694636326,0,-0.0266946200460157,0,0,0,-0.285228269347384,0,0,0,0,0,0.25099939176172,0,-0.473431268164641,0,-0.023748984182821,0,0,-0.0313968842746913,0,0,-0.021922533418303,0,0,0,0.255856123364798,0,0,0,0,-0.083885114526591,0.280802626846832,0,0.202135455000613,0,0,0,0,0,0,0,-0.0899784363438041,-0.123315671695976,0,0,-0.319227775647937,0,0,0,0,0.0936894152064213,0.280769677464932,-0.0412832465129105,-0.39783018804042,0,0.0719131502917881,0,0,0,0,0,0,0.247781519816554,0.066361049507935,0,-0.309761432596287,0,0,0,0,0,-0.261665313003492,0,0.289233559833044,0,0,0,0,0,0,0,0,0,0,0,0.359033310419149,0,-0.297144272560559,0,0,0,-0.334262476569384,0,-0.10759963176765,0,0,0,0,0,0,0,0.0430238208015995,0,0,0,0.267736127483275,0,0,0,-0.143171349079975,0,0.266954206367404,0,0.366934013231072,0,0,0,0,0,0,0,0,0,0,0,0.270540447284084,0.246609319470048,0,0,0,0,0.325273635737682,0,0.479750881631961,0,0,0,0,0,0.0714767352528729,0,0,0,0,0,-0.241399353696134,0,0,0,0,-0.0710648549323074,-0.212108099559459,0,-0.0816922974796597,0,0,0,0,0,0,0,0.0990715139534573,0,0,0,0.174823255559285,0,0,0,0,-0.0600273057092828,-0.300372772162396,0,0.0599607855343254,0,0,0,0,0,0,0,0,0,0,0,-0.271464667923032,0,0,0,0,0,0.329719567873033,-0.02087119828512,0.506854223504162,0,0,0.0210248452809819,0,0,-0.169126293861538,0,0.0423590071412073,0,0,-0.0935841233306014,0.281588511358784,0,0,0,0.152675969554804,0.0387419824849884,-0.377676797450019,0,0.462438476180344,0,-0.0446099195667156,0,0,0,0,0,0,0.0644293784318273,-0.0345203932134875,0,0.240524324669913,0,0,0,0,0,-0.268964849838542,0,-0.296927551248955,0,0,0,0,0,0,0,-0.0286635180804416,0,0.0367465593146288,0,-0.306118717579289,0,0,0,0,-0.0274006225288599,0.276139310569906,0,0.359164777239202,0,-0.0219135958725056,0,0,0,0,0,0,0,0,0,-0.226235583880878,0,0,0,0,0,-0.402685938512131,0,0.163364818975228,0,0,0,0,0,-0.420270124951103,0,-0.0296138916904719,0,0,0,-0.223730043095654,0,0,0,0,0,0.237619487776342,0,0.257149707347379,0,0,0,0,0,0,0,0.0292704778291938,0,0,0,-0.314562827237668,0,0,0,0,-0.0663493941343047,0.314526711688428,0,0.341788951622419,0,0,0,0,0,0,0,0,0,0,0,0.330346237067221,0,0,0,0,-0.0392589176746115,-0.274813713515187,0,0.502847254359447,0,0.0225364236418613,0,0,0,0,0,0.0229115122180844,0,0,0,0.266109731644574,0,0,0,0,0,-0.178317797035235,0,0.0943584723021647,0,-0.0274417745672471,0,0.0365508928087331,0,0,0,-0.0797883175340835,0,0.025523856255533,-0.287729320533588,-0.326437876387388,0,0,-0.0946337592787394,0,0,0.309998699252367,0,-0.322719928890292,0,0.020872196283211,0,0,0,0,0,-0.0313594085582043,0,0,0,-0.323910679267559,0,0,0,0,0,-0.313972533884997,0,-0.237618869065287,0,0,0,0,0,0,0,-0.0241955346756358,0,0,0,-0.275638833559315,0,0,0,0,0.0611530053222328,0.119907206976152,0,-0.216613473787504,0,0,0,0,0,0,0,0,0,-0.0913439390469429,0,-0.282386626566504,0,0,0,0,0.0224844467818595,0.387713688594795,-0.0262680825253614,-0.484851461115695,0,0,-0.0641516167331858,0,0,0,0,0,0,0,0,0.259152441864505,0,0,0,0,0,-0.145249533597836,0,-0.0300983651904642,0,0,0,0,0,0,0,0,0,0.0219104219133902,0,-0.27474059729832,0,0,0,0,0,-0.201607085104738,0,-0.374642804220425,0,0,0,0,0,0,0,0.0313484618861818,0,0,0,-0.243953036366853,0,0,0,0,0,0.355316562450288,0,0.50943211157821,0,0,0,0,0,0,0,0.0261245253712738,0,0,0,-0.0271962360062634,0,0,0,0,-0.0488943619626474,-0.260169087568331,0,0.27282844720191,0,0,0,0,0,0,0,0,0,0,-0.139452576533753,-0.30650981009558,0,0,0,0,-0.0262584681132484,0.307296688688605,0,-0.108372664137631,0,0,0
"18",0,0,0.315656792016494,0,0,0,0,0,0,0,0,0,0,0,0,-0.213650729169465,0,0.181487330390911,0,0,0,0,-0.266649717355756,-0.0284084485178577,0,0,0,0,0,0,0,0,0,0,0,0.33264317321462,0,0.19143328289961,0,0,0,-0.0469086595525803,0.248794149052464,0,0,0.111690801523597,0.438743886059173,-0.0768601630847088,0,0,0,-0.029710361285937,0,0,0,0.524139888645124,0,-0.114670676081795,0,0,0,0,0.29571804042019,0,0,0,0,0.071190270288582,0,0,0,-0.0258977986178482,0,0,0,-0.24886301349628,0,-0.0939349361272168,0,0,0,0,0.278950652615614,0,0,0,0,0,0,0,0,0,0,0,0,0.320425597499914,0,0.260218953676116,0,0,0,0,-0.397025145509128,0,0,0,0,-0.0310057763095919,0,0,0,0,0,0,0.0909456527200705,0.443808533023606,0,0.340327684149682,0,0,0,0,-0.15601401690212,0.0255158076821585,0,0,0,0,0,0,0,0.0610223138061865,0,0,0,0.294548324637302,0,0.444585882289669,0,0,0.0201063331678388,0,-0.289575977571322,0,0,0,0,-0.0210452180556355,0,0,-0.0410845737984817,0,-0.403942700035695,0,0,-0.400161682080233,-0.145706532724157,0.400360319298197,0,0,0,0,0.337438479031471,0,0,0,0,0.0205033594647553,0,0,0,0.0254196424967511,0,0,0,-0.285964474189326,0,-0.0701858417619783,0,0,0,0,-0.294855801705801,-0.0520054917333127,0,0,0,0.0202005453930979,0,0,0,-0.0754407003108504,0,0,0,0.450699349806903,0,0.404067834126455,0,0,0,0,0.142168103044207,0,-0.0875998369836202,0,0,-0.0281502745410869,0,0,0,0,0.0381656467647187,0,0.0429762713422321,-0.282539808323909,0,0.197830236099222,0,0,0,0,-0.473575381792158,0.105278799392746,0,0,0,0,0,0,0,-0.021854756506328,0,0.147827182295295,0,0.182303226665699,0,0.239073751191697,-0.0734320600545736,0,0,0,-0.242618267364663,-0.0307011970753148,0,0,0,0,0,0,0,0,0,0,0,-0.389821468654412,0,0.139863009606537,0,0,0,0,0.334570631409085,0,0,0,0,0,0,0,0,0,0,0,0,-0.381710365284598,0,0.311369797109848,0,0,0,0,-0.232445656460957,-0.0348678923968733,0,0,0,0,0,0,0,0,0,0,0,-0.31450864983014,0,-0.111654606222017,0,0,0,0,-0.240768514073428,0,0,0,0,0,0,0,0,0,0,0,0,0.326687307728551,0,0.0215530956405986,0,0,0,0,0.281713714841317,-0.0238328695369852,0,0,0,0,0,0,0,0,0,0,0,0.431958289848638,-0.0398333485378642,-0.0625957526453577,-0.103610723224619,0,0,0,0.24942527342226,-0.0247256198361677,0,0,0,0,0,0,0,-0.0234302429036597,0,0,0,0.313382541715156,0,0.274553313079138,0,0,0,0,0.315797892721355,0,0,0,0,0,0,0,-0.0320509324708576,0,0,0,0,-0.225904115851799,0,-0.353721667240514,0,0,0,0,-0.162613686846867,0,0,0,0,0,0,0,0,0,0,0,0,0.338357924323159,0,-0.115424617240272,0,0,0,0,-0.249328974395598,-0.0406236163797782,-0.0400081502083215,0,0,0,0,0,0,0,0,0,0,-0.279245675864446,0,-0.1186292402112,0,0,0,0,-0.301110252416744,0,0,0,0,0,0,0,0,0,0,0,0,0.279150534843519,0,0.109192599664052,0,0,0,0.196947711877027,-0.3240757488219,0,0,0,-0.03410779906958,0,0,0,0.0447157690734037,0,0,-0.0352360848363605,0,-0.392662652828605,0,-0.45124998757462,0,0,0,0,-0.269011015321308,0,0,0,0,0,0,0,0,0,0,0,0,0.266414801835524,0,-0.0763538664171518,0,0,0,0,-0.111329157530632,0.0565512547618418,0,0,0,0,0,0,0,0,0,0,0,0.0918961386253726,0,0.358415572651937,0,0,0,0,0.172851025856485,0.0247520618829106,0,0,0,-0.050078310188201,0,-0.325286782733232,0,0,0,0,0,-0.302948154688989,0,0.0590683205323135,0,0,0,0,0.209479436898608,0.0928746619221672,0,0,0,-0.0210644109146247,0,0,0,0.025051647553483,0,0,0,-0.396567226569806,0,0.235070539732314,0,0,0,0,0.244643339706379,0,0,0,0,0,0,0,0,0,0,0,0,0.37987518125471,0,0.425834924991194,0,0,0,0,-0.224396403062385,-0.0247503427001136,0,0,0,0,0,0,0,0,0,0,0,-0.254588350187213,0,-0.40827590835411,0,0,-0.246323657349331,0,0.268429346632855,0.0850234223309227,0,0,0,0,0,0,0,0,0,0,0,-0.365591681661276,0,0.14545742204692,0,0,0,0,0.298054593269637,0,0,0,0,0,0,0,0,0,0,0,0,-0.358215245715455,0,-0.0497371664090876,0,0,0,0,0.191947105148763,0.0313372941379573,0.1686229359951,0,0,-0.0234955231145942,0,0,0,0,0,0,0,0.253600983007937,0,0.269431777151272,0,0,0,0,0.307888195344093,0,0,0,0,0,0,0,0,0,0,0,0,-0.336055880844862,0,0.298973067521873,0,0,0,0,0.354641434646967,0,0,0,0,0,0,0,0,0,0,0,0,-0.32647911562289,0,0.333575864678569,0,0,0,0,-0.230213090032026,0,0,0,0,0,0,0,0,0,0,0,0,-0.31500389899794,0,0.157648688555905,0,0,0,0,0.371566348139817,-0.0249884388385912,0,0.128664835197886,0,0,0,0,0,0,0,0,0,-0.303242167439951,0,-0.0300281109761373,0,0,0,0,-0.278978789466748,0,0,0,0,0,0,0,0,0,0,0,0,0.319667932093803,0.156006103298977,0.246408606636972,0,0,0.174302435491302,0,-0.351176470058957,0,0,0,0,0,0,0,0,0,0,0,0,-0.479429008980559,0,-0.125286578115672,0,0,0,0,0.37330383541252,0.0641124171806982,0,0,0,0,0,0,0.0924049027688053,-0.0313879890192553,0,0,0,0.294993075854977,0,0.400205991880432,0,0,0,0,0.352336842407,0.0368281804498134,0,0,0,0,0,0,0,0,0,0,0,-0.261116576466131,0,-0.108312416147308,0,0,0,0,-0.31856374749424,0,0,0,0,0,0,0,-0.35977880293767,0,0,0,0,0.237788183764836,0,0.140741636117562,0,0,0,0,0.289306824123792,0.0351843418559165,0,0,0,0,0,0,0,0,0,0,0,-0.306729533931946,0,-0.382510882836132,0,0,0,0,0.183281368788939,0,0,0,0,0.0229126646709399,0,0,0.065228715892055,0,0,0,0,-0.408167706512034,0,-0.395968531488993,0,0,0,0,-0.264198789959572,0.0601072583133432,0,0,0,0,0,0,0,0,0,0,0,-0.196676893455556,0,-0.335939275048861,0,0,0,0,-0.198325527414115,0,0,0,0,0,0,0,0,0,0,0,0,-0.275968283083106,0,-0.092740434558714,0,0,0,0,-0.259271310599475,0,0,0,0,0.0200793200010203,0,0,0,-0.0591740379384014,0,0,0,-0.41521896130936,0,-0.256979086752628,0,0,0,0,-0.169789610906967,0,0,0,0,0,0,0,0,0,0,0,0,-0.288470402844352,0,0,0,0,0,-0.198797162251362,0.287937294040151,0.0418569250458381,0,0,0,0,0,0,0,0,0,0,0,-0.217073976237136,0,0.0333709253053711,0,0,0,0,-0.178701203121047,0,0,0,0,-0.0320690058194303,0,0,0,0,0,0.131057096615763,0,-0.232563797914658,0,-0.307431934550364,0,0,0,0,0.386805023051682,0,0,0,0,0,0,0,0,0,0,0,0,0.322923869803391,0,-0.0662245277415776,0,0
"19",0,0.257380458924204,0,0,0,0,0,0,-0.298453872367928,0,0,0,0,0,0,0,0.212380920140624,0,0,0.0213297356011825,0,0.233957562339117,0,0,0.348083802058736,0,0,0,0.0862532482104184,0,0,0,-0.0823602531964685,0,0,0,-0.297525954179635,0,-0.359659220802544,-0.0818429025929559,0,-0.121905079916572,0,0,0,0,0,0,0.276492299987695,0,0,0,0,0,0,-0.0351294068318548,-0.242579245229813,0,-0.301635273091573,0,0,0.158391162819886,0,0,0,0,0.274802120420154,0,-0.23043366118553,0,0,0,0,0,0,0,-0.255672986704243,0,0.0264421871624009,0,0,-0.190335915768511,0,0,0,0,0,0,-0.266973956278596,0,0.0483314426798344,0,0,0,0,0,0.273470162081145,0.050583089061055,0.469392357719457,0.0327606948983358,0,0.24699798135182,0,0,0,0,0,0,-0.214217237175101,0,0,0,0,0,0,0,-0.260025821158901,0,0.569306365584552,0,0,-0.351905983414363,0,0,0,-0.0250239965854785,0,0,0.350170499019304,0,0.0211604572297038,0,0,0,0,0,0.393144779576533,0,0.184292812622725,0,0,0.360791228953233,0,0,0,0,0,0,-0.239525479564538,0,0,0,0,0,0,0,0.315483784167219,0,0.198269788368075,0,0,0.350634080289842,0,0,0,0,0,0,-0.317140076728427,0,0,0,0,0,-0.109139555563221,0,-0.280920747333839,0,0.335846644229903,0,0,0.301062692785904,0,0,0,0,0,0,-0.212089226194206,0,0,0,0,0,0,0,0.311611091007159,0,-0.374641421470223,0,0,0.0832579465062924,0,0,0,0,0,0,-0.16860630412525,0,0,0,0,0,0,0,-0.150675412393492,0,0.453105815845297,0,0,-0.138047426290341,0,0,-0.136349684907066,0,0,0,-0.104768187708223,0,0,-0.134824682258401,0,0,0,0,-0.313750827751383,0,0,0.0233394104567766,0,0.217414684138738,0,0,0,0,0,0.143182560747061,-0.206665762738144,0,0,0,0,0,0,0,-0.209534361530525,0,0.450062260046236,0,0,-0.315069124650885,0,0,0,0,0,0,0.287480547098102,0,0,0,0,0,0,0,-0.335319128922243,0,0.103054295836343,-0.114750064642311,0,-0.303728364895711,0,0,0,0,0,0,0.251609943392856,0,0,0,0,0,0,0,-0.356221189628089,0,-0.0885256701259335,-0.0267946939435587,0,-0.297119144060531,0,0,0,0,0,0,-0.286182205277614,0,0,0,0,0,0,0,0.339587632431818,0,0.101024696843287,0,0,-0.201892278422726,0,0,0,0,0,0,0.14891544886553,0,0,0,0,0,0,0,0.125495699174039,0,-0.390294593003729,0,0,-0.256964085410658,0,0,0,0,0,0,-0.35292266637548,0,0,0,0,0,0,0,0.310384860008214,0,-0.106795910785964,0.091359669543875,0,0.283261040610313,0,0,0,0,0,0,-0.238135650926674,0,0,0,0,0,0,0,0.323790367271586,0,-0.0719477848169923,0,0,0.281229055638893,0,0,0,0,0,0,0.368577920024097,0,0.0260017783886508,0,0,0,0,0,-0.284393601531959,0,0.110182349570094,-0.0227832565930173,0,-0.347572929240696,0,0,0,0.0250122670229005,0,0,-0.367151070792342,0,0,0,0,0,0,0,0.298101027574914,0,-0.0780203719891166,0,0,0.361382395996935,0,0,0,0,0,0,0.38045183085136,0,0,0,0.12606119185849,0,0,0,0.206079740323296,0,-0.368287050677593,0,0,0.137475759001823,0,0,0,0,0,-0.22481498865313,0.316530985367357,0,0,0,0,0,0,0,0.20067058406822,0,-0.385340121527707,0,0,-0.254538301217025,0,0,0,0,0,0,0.290714433211461,0,0,0,0,0,0,0,-0.26099555048305,0,-0.0454161715612613,0,0,0.271410681748755,0,0,0,0,0,0,0.265955312818968,0,0,0,0,0,0,0,0.217948181569217,0,0.106463625950246,0,0,-0.262312885159681,0,0,0,0,0,0,-0.306929776161223,0,0,0,0,0,0,0,-0.216455764155634,0,0.452260555588783,0,0,0.23357719725768,0,0,0,0,0,0,-0.317430301380444,0,0,0,0,0,0,0,-0.263277048741143,0,0.0973878275302594,-0.0226865859219258,0,0.24356808466001,0,0,0,0,0,0,0.12811092333429,0,0,0,0,0,0,-0.0392295783981791,0.332386743940969,0,-0.480201021251947,0,0,0.244608324778315,0,0,0,0,0,0,-0.279328201162432,0,0,0,0,0,0,0,-0.341976159238993,0,0.304120340655187,0,0,-0.285617995599564,0,0,0,0,0,0,-0.285175225156122,0,0,0,0,0,0,0,-0.261275175243373,0.212043566537698,0.111649592217459,0.020322821823563,0,-0.276140523271653,0,0,0,0,0,0,0.305461607935904,0,0,0,0,0,0,0,-0.257233133105667,0,0.224527859327874,0.0400412475962519,0,0.292986747765296,0,0,0,0,0,0,-0.243301699377737,0,0,0,0,0,0,0,-0.35354227822367,0,-0.323648086993299,0,0,0.295216544334328,0,0,0,0,0,0,0.253641404617203,0,0,0,0,0,0,0,0.263169044257947,0,0.17195424882008,0.0245481192720008,0,0.162692026330442,0,0,0,0,0,0,-0.293821905279212,0,0,0,0,0,0,0,-0.399862053446678,0,0.483089717064198,0,0,-0.349635819980185,0,0,0,0,0,0,-0.308372682253176,0,-0.0431126215755841,0,0,0,0,0,-0.319802946061846,0,-0.113616186472136,-0.029972760309289,0,0.176567677021743,0,0,0,0,0,0,0.208933097770465,0,0.038944322347505,0,0,0,0,0,-0.242909616939383,0,-0.150384680132893,0,0,0.36189422839977,0,0,0,0,0,0,0.183436085759023,0,0,0,0,0,0,0,-0.369784900063785,0,-0.407579659644805,-0.0219546894918078,0,-0.156309073252347,0,0,0,0,0,0,0.264080810477036,0,0,0,0,0,0,0,-0.321627126849652,0,-0.500106784724151,0.0906257993057053,0,-0.401733475371109,0,0,0,0,0,0,0.292714228848121,0,0,0,0,0,0,0,-0.258753782606254,0,-0.25973844590725,0,0,0.310568205890519,0,0,0,0,0,0,0.277657857492656,0,0,0,-0.0258374043637607,0,0,0,0.293816965941871,0,0.189434627253535,0,0,-0.242424377759677,0,0,0,0,0,0,0.25816252261382,0,0,0,0,0,0,0,-0.308828735475938,0,0.250223271024984,0,0,-0.223232466389143,0,0,0,0,0,0,-0.309663099653137,0,0,0,0,0,0,0,0.257703708562193,0,0.238033201466528,0,0,0.252368105841698,0,0,0,0,0,0,-0.361720575176188,0.178269194489304,0.0621298985318769,0,0,0,0,0,-0.182830946898428,0,-0.111042205150643,0,-0.0268057051700106,-0.376106156945421,0,0,0,0,0,0,0.263129666877523,0,0,0,0,0,0,0,0.409696200790803,0,-0.407824281879371,-0.0259512806199053,0,-0.31177500261602,0,0,0,0,0,0,-0.184352381056665,0,0,0,0,0,0,0,0.281853151989386,0,0.554321336748597,0,0,-0.237418524686682,0,0,0,0,0,0,0.202288751846367,0,0,0,0,0,0,0,0.258695260233622,0,-0.315253435646682,0,0,-0.312299581724735,0,0,0,0,0,0,0.247560865632376,0.201698198914546,-0.0278480610238873,0,0,0,0,0,-0.287758000834984,-0.101659978616559,-0.0772313831803835,0,0,0.325167493081872,0,0,0,0,0,0,0.294927547818779,0,0,0,0.0808284029162041,0,0,0,-0.370702772980051,0,0.182026098183192,-0.0227071330503074,0,-0.431316542698554,0,0,0,0,0,0,0.397469973128153,0,0,0,0,0,0,0,0.237850082082276,0,0.301426883967593,0,0,-0.318335305712182,0,0,0,0,0,0.0253686349128611,0.309954602744208,0,0,0,0,0,0,0,0.350709522174251,0,0.144018304938329,0.0327308136675486
"20",-0.343203811144897,0,0,0,0,0.309018192440298,-0.316003823695677,0,0,0,0,0,0,0,-0.338239024935788,0,0,0,0,0.11605515665298,0.281699821542762,0,0,0,0,0.171229648488183,0.130605304574556,0,0,0,0,0,-0.0306233791035242,0,0.311274256483909,0.0287286423739123,0,0,0,-0.361093691265663,0.287542865351377,0.0268598889737437,0,0,0,-0.366074654826796,-0.298032630657031,0,0.266897182390684,0,0,0,0,0,0.381880157370382,0,0,0,0,0.510180527624007,0.284501113768277,0,0,0,0,0.36066680255696,-0.339084207201313,0,0,0,0,0,0,0,0.261919169129819,0,0,0,0,-0.484135641149113,-0.263112953723743,0,0,0,0,-0.363801191158268,0.376624534092734,0,-0.0805554106519282,0,0,0,0,0,0.355966807775982,0,0,0,0,0.418576783543513,0.228384555799588,0,-0.0255221778958496,0,0,-0.173989719298431,-0.316144628249614,0,0,0,0,0,0,0,-0.19288522124053,0,0,0,0,0.373253555927984,0.421438873829958,0,0,0,0,0.187151389065973,0.304997186089434,0,0,0,0,0,0,0,-0.388232769419536,0,0,0,0,-0.129634188587802,-0.249567552626467,-0.10717917979452,0,0,0,-0.0995788484943439,0.273877586316242,0,0,0,0.0273453833489774,0,0,0,-0.569378596364681,0,0,0,0,-0.322658055994014,-0.235319645917538,0,0,0,0,0.455434090310673,-0.247685879648331,0,0,0,0,0,0,0,0.252683984121246,0,0,0,0,0.289429541095425,0.217117738090056,0,0,0.199372063513109,0,0.29902412200052,0.254590011532624,0,0,0,0,0,0,0,0.271323840432608,0,0,0,0,0.429694942050653,-0.112778799102047,0.0475894679900551,0,0.0229931947020052,0,-0.0990881897785656,-0.0376444625849641,0,0,0,0,0,0,0,0.0794180435179044,0,0.0330958549748534,0,-0.0226793681115022,0.286768870798065,0.395130424621943,0,0,0,0,-0.424574236317122,0.322998848620304,0,0,0,0,0,0,0,0.284919279881065,0,0,0,0,-0.0384479797743902,0.25059854157031,0,0,0,0,0.233114734054577,0.304104375611271,0,0,0,0,0,0,0,-0.248127332645698,0,0,0,0,0.044109683934387,0.300470571298297,0,0,0,0,0.403181150625476,-0.285094267729788,0,0,0,0,0,0,0,0.394723045884493,0,0,0,0,0,-0.277286152580943,0,0,0,0,0.329406000599018,0.377809614349193,0,0,0,0,0,0,0,-0.210387228414228,0,0,0,-0.0611770128725782,0.477462227260384,0.222502279538466,0,0,0,0,0.393999697974959,-0.306194751950519,0,0,0,0,0,0,0,-0.33522994547666,0,0,0,0.0226588288933449,-0.521175218602841,0.339886126353053,0,0,0,0,-0.187490082486549,0.386030351968835,0,0,0,0,0,0,0,-0.337938998602617,0,0,0,0.0246731347701701,0.45400551405482,-0.206642619779177,0,0,0,0,0.338022207126942,0.316679601375329,0,0,0,0,0,0,0,-0.215543391316546,0,0,0,0,0.0686178853428876,0.291814679642595,0,0,0,0,-0.270887575886694,-0.320191013441299,0,0,0,0,0,0,0,0.295809219022666,0,0,0,0.0378217288201925,-0.262153807246178,0.223984632119419,0,0,0,0,-0.226129861642656,-0.266154805175828,0,0,0,0,0,0,0,-0.315069768989714,0.0911221540588311,0,0,0,-0.182810294874928,-0.303646511166619,0,0,0,0,-0.219036004894935,0.421457182663744,0,0,0,0,0,0,0,-0.175066480983159,0,0,0,0,0.444834646488038,-0.162050088038754,0,0,0,0,0.231265581669152,-0.353349157486614,0,0,0,0,0,0,0,0.158176672118037,0,0,0,0.0612354426137075,0.218013776883045,0.282198093787358,0,0,0,0,-0.330604461968075,-0.361803376924864,0,0,0,0,0,0,0,0.277455752426273,0,0,0,0,0,-0.247094387397572,0,0,0,0,-0.331867679080462,-0.193989381526227,0,0,0,0,0,0,0,0.252758969892659,-0.0539649625603436,0,0,0,-0.61151163601314,-0.15594633136686,0,0,0,0,-0.328104896938236,0.363481417723366,0,0,0,0,0,0,0,-0.218423434190953,0,0,0,0,0.305174115671171,0.487126553209479,0,0,0,0,0.23813590813146,0.174387908471241,0,0,0,-0.0372189776431033,0,0,0,-0.293863650018013,0,0,0,-0.0319882314565146,0.504824719870177,-0.2838016558214,0,0,0,0,-0.300242965342097,-0.350088100350013,0,0,0,0,0,0,0,0.250450786086377,0,0,0,0,-0.44512933433426,0,0,0,-0.103413706425233,0,0.363888100424503,-0.246995531190519,0,0,0,0,0.136578289815767,0,0,-0.246281688287533,0,0,0,-0.0581442840177004,-0.0531762214308881,0.257109406260243,0,0,0,0.166588639788452,-0.372426548667762,0.313946106595633,0,0,0,0,0,0,0,0.374061895429838,0,0,0,0,-0.0429198388325271,-0.382821421547342,0,0,0,0,0.300730083238196,0.365574167824003,0,0,0,0,0.150632439148663,0,0,-0.42385633643396,0,0,0,0.0269020334463527,-0.43718517820576,-0.261052604642985,0,0,0,0,0.303602786485781,0.24948780484565,0,0,0,0,0,0,0,0.281154764086576,0,0,0,0.0247074083886942,0.244694446421001,-0.125297230690781,0,0,0,0,0.352133652493678,-0.272604790886526,0,0,0,0,0,0,0,0.347305995311837,0,0,0,0,-0.474620826083809,0.227525236261552,0,0,0,0,-0.294408625575164,0.131011383579659,-0.199749813709893,0,0,0,0,0,0,0.221680680782696,0,0.275305340280796,0,0,0.307300680196855,0.215435738450873,0,0,0,-0.0693720067355447,-0.289268875609584,-0.39056040990228,0.105982662720432,0,0,0,0.0493786200380385,0,0,0.355110475493247,0,0,0,0,-0.484558274466374,-0.262766900455061,0,0,0,0,0.18200818606635,-0.357037701009018,0,0,0.0232499627632892,0,0,0,0,-0.283646883234651,0,0,0,0,0.0275677641573508,0.274542130149731,0,0,0,0,-0.374451959168276,-0.272227018621299,0,0,0,0,0,0,0,0.207373524177568,0,0,0,0,-0.543671699358085,-0.295625928227108,0,0,0,0,0.265361744715287,-0.206950943386774,0,0,0,0,0,0,0,-0.358239841162634,0,0,0,0,-0.320058576924818,0.347074027620197,0,0,0,0,0.241312709376149,-0.336115296029798,0,0,0,0,0,0,0,0.263896710404729,0,0,0,0,-0.460100447188503,0.289961127773329,0,0,0,0,0.271284879368906,0.37853353595133,0,0,0,0,0,0,0,-0.231988870006652,0,0,0,0,-0.241231092514932,0.273105766564347,0,0,0,0,0.152552816189046,0.294811796766958,0,0,0,0,0,0,0,-0.210268274571278,0,0,0,-0.0230325993074626,-0.292881923296565,0.349723626505583,0,0,0,0,-0.286216361129881,0.317112455130998,0,0,0,0,0,0,0,0.428624661437537,0,0,0,0,-0.403832486227585,0.31186663554355,0,0,0,0,0.452196065421235,0.418864386342941,0,0,0.0213533631038118,0,0,0,0,0.412236205268021,0,0,0,0,-0.382127699492449,-0.326172941073723,0,0,0,0,0.323211864099976,-0.24941777734519,0,0,0,0,0,0,0,0.282426176866019,0,0,0,0,-0.199684850177457,0.201261473846321,0,0,0,0,0.265578234088001,-0.242909409525808,0,0,0,0,0,0,0,0.268759190917561,0,0,0,0,-0.328040573467388,0.209847214768695,0,0,0,0,0.338749650969029,-0.311491787609769,0,0,0,0,0,0,0,0.197220045957315,0,0,0,0,0,-0.29705890863086,0,0,0.16251401417477,0,-0.299429200895569,0.320138317162159,0,0,0,0,0,0,0,-0.314278330124874,0,0,0,0,0.518466132822483,-0.278728847633503,0,0,0,0,0.383394921078237,-0.437113100462595,0,0,0,0,0,0,0,0.143358867113497,0,-0.207194098251347,0,0,-0.356718076148921,-0.192177751915208,0,-0.027836612103041,0,0,0.301101548111668,0.327017163872997,0,0,0,0,0,0,0,-0.194515485332264,0,0,0,0.0671113567699668,0.203773185572827,-0.234375995822571,0,0,0,0,0.379126803159886,-0.257415536760222,0,0,0,0,0,0,0,-0.259445710380903,0,0,0,0,-0.215864225580184,-0.024838621320438,0,0,0,0,-0.361387471124035,0.15872866500604,0,0,0,0,0,0,0,0.190565773094536,0,0,0,0.0485048159101705,0.174919980683845
