"","X1","X2","X3","X4","X5","X6","X7","X8","X9","X10","X11","X12","X13","X14","X15","X16","X17","X18","X19","X20","X1.1","X2.1","X3.1","X4.1","X5.1","X6.1","X7.1","X8.1","X9.1","X10.1","X11.1","X12.1","X13.1","X14.1","X15.1","X16.1","X17.1","X18.1","X19.1","X20.1","X1.2","X2.2","X3.2","X4.2","X5.2","X6.2","X7.2","X8.2","X9.2","X10.2","X11.2","X12.2","X13.2","X14.2","X15.2","X16.2","X17.2","X18.2","X19.2","X20.2","X1.3","X2.3","X3.3","X4.3","X5.3","X6.3","X7.3","X8.3","X9.3","X10.3","X11.3","X12.3","X13.3","X14.3","X15.3","X16.3","X17.3","X18.3","X19.3","X20.3","X1.4","X2.4","X3.4","X4.4","X5.4","X6.4","X7.4","X8.4","X9.4","X10.4","X11.4","X12.4","X13.4","X14.4","X15.4","X16.4","X17.4","X18.4","X19.4","X20.4","X1.5","X2.5","X3.5","X4.5","X5.5","X6.5","X7.5","X8.5","X9.5","X10.5","X11.5","X12.5","X13.5","X14.5","X15.5","X16.5","X17.5","X18.5","X19.5","X20.5","X1.6","X2.6","X3.6","X4.6","X5.6","X6.6","X7.6","X8.6","X9.6","X10.6","X11.6","X12.6","X13.6","X14.6","X15.6","X16.6","X17.6","X18.6","X19.6","X20.6","X1.7","X2.7","X3.7","X4.7","X5.7","X6.7","X7.7","X8.7","X9.7","X10.7","X11.7","X12.7","X13.7","X14.7","X15.7","X16.7","X17.7","X18.7","X19.7","X20.7","X1.8","X2.8","X3.8","X4.8","X5.8","X6.8","X7.8","X8.8","X9.8","X10.8","X11.8","X12.8","X13.8","X14.8","X15.8","X16.8","X17.8","X18.8","X19.8","X20.8","X1.9","X2.9","X3.9","X4.9","X5.9","X6.9","X7.9","X8.9","X9.9","X10.9","X11.9","X12.9","X13.9","X14.9","X15.9","X16.9","X17.9","X18.9","X19.9","X20.9","X1.10","X2.10","X3.10","X4.10","X5.10","X6.10","X7.10","X8.10","X9.10","X10.10","X11.10","X12.10","X13.10","X14.10","X15.10","X16.10","X17.10","X18.10","X19.10","X20.10","X1.11","X2.11","X3.11","X4.11","X5.11","X6.11","X7.11","X8.11","X9.11","X10.11","X11.11","X12.11","X13.11","X14.11","X15.11","X16.11","X17.11","X18.11","X19.11","X20.11","X1.12","X2.12","X3.12","X4.12","X5.12","X6.12","X7.12","X8.12","X9.12","X10.12","X11.12","X12.12","X13.12","X14.12","X15.12","X16.12","X17.12","X18.12","X19.12","X20.12","X1.13","X2.13","X3.13","X4.13","X5.13","X6.13","X7.13","X8.13","X9.13","X10.13","X11.13","X12.13","X13.13","X14.13","X15.13","X16.13","X17.13","X18.13","X19.13","X20.13","X1.14","X2.14","X3.14","X4.14","X5.14","X6.14","X7.14","X8.14","X9.14","X10.14","X11.14","X12.14","X13.14","X14.14","X15.14","X16.14","X17.14","X18.14","X19.14","X20.14","X1.15","X2.15","X3.15","X4.15","X5.15","X6.15","X7.15","X8.15","X9.15","X10.15","X11.15","X12.15","X13.15","X14.15","X15.15","X16.15","X17.15","X18.15","X19.15","X20.15","X1.16","X2.16","X3.16","X4.16","X5.16","X6.16","X7.16","X8.16","X9.16","X10.16","X11.16","X12.16","X13.16","X14.16","X15.16","X16.16","X17.16","X18.16","X19.16","X20.16","X1.17","X2.17","X3.17","X4.17","X5.17","X6.17","X7.17","X8.17","X9.17","X10.17","X11.17","X12.17","X13.17","X14.17","X15.17","X16.17","X17.17","X18.17","X19.17","X20.17","X1.18","X2.18","X3.18","X4.18","X5.18","X6.18","X7.18","X8.18","X9.18","X10.18","X11.18","X12.18","X13.18","X14.18","X15.18","X16.18","X17.18","X18.18","X19.18","X20.18","X1.19","X2.19","X3.19","X4.19","X5.19","X6.19","X7.19","X8.19","X9.19","X10.19","X11.19","X12.19","X13.19","X14.19","X15.19","X16.19","X17.19","X18.19","X19.19","X20.19","X1.20","X2.20","X3.20","X4.20","X5.20","X6.20","X7.20","X8.20","X9.20","X10.20","X11.20","X12.20","X13.20","X14.20","X15.20","X16.20","X17.20","X18.20","X19.20","X20.20","X1.21","X2.21","X3.21","X4.21","X5.21","X6.21","X7.21","X8.21","X9.21","X10.21","X11.21","X12.21","X13.21","X14.21","X15.21","X16.21","X17.21","X18.21","X19.21","X20.21","X1.22","X2.22","X3.22","X4.22","X5.22","X6.22","X7.22","X8.22","X9.22","X10.22","X11.22","X12.22","X13.22","X14.22","X15.22","X16.22","X17.22","X18.22","X19.22","X20.22","X1.23","X2.23","X3.23","X4.23","X5.23","X6.23","X7.23","X8.23","X9.23","X10.23","X11.23","X12.23","X13.23","X14.23","X15.23","X16.23","X17.23","X18.23","X19.23","X20.23","X1.24","X2.24","X3.24","X4.24","X5.24","X6.24","X7.24","X8.24","X9.24","X10.24","X11.24","X12.24","X13.24","X14.24","X15.24","X16.24","X17.24","X18.24","X19.24","X20.24","X1.25","X2.25","X3.25","X4.25","X5.25","X6.25","X7.25","X8.25","X9.25","X10.25","X11.25","X12.25","X13.25","X14.25","X15.25","X16.25","X17.25","X18.25","X19.25","X20.25","X1.26","X2.26","X3.26","X4.26","X5.26","X6.26","X7.26","X8.26","X9.26","X10.26","X11.26","X12.26","X13.26","X14.26","X15.26","X16.26","X17.26","X18.26","X19.26","X20.26","X1.27","X2.27","X3.27","X4.27","X5.27","X6.27","X7.27","X8.27","X9.27","X10.27","X11.27","X12.27","X13.27","X14.27","X15.27","X16.27","X17.27","X18.27","X19.27","X20.27","X1.28","X2.28","X3.28","X4.28","X5.28","X6.28","X7.28","X8.28","X9.28","X10.28","X11.28","X12.28","X13.28","X14.28","X15.28","X16.28","X17.28","X18.28","X19.28","X20.28","X1.29","X2.29","X3.29","X4.29","X5.29","X6.29","X7.29","X8.29","X9.29","X10.29","X11.29","X12.29","X13.29","X14.29","X15.29","X16.29","X17.29","X18.29","X19.29","X20.29","X1.30","X2.30","X3.30","X4.30","X5.30","X6.30","X7.30","X8.30","X9.30","X10.30","X11.30","X12.30","X13.30","X14.30","X15.30","X16.30","X17.30","X18.30","X19.30","X20.30","X1.31","X2.31","X3.31","X4.31","X5.31","X6.31","X7.31","X8.31","X9.31","X10.31","X11.31","X12.31","X13.31","X14.31","X15.31","X16.31","X17.31","X18.31","X19.31","X20.31","X1.32","X2.32","X3.32","X4.32","X5.32","X6.32","X7.32","X8.32","X9.32","X10.32","X11.32","X12.32","X13.32","X14.32","X15.32","X16.32","X17.32","X18.32","X19.32","X20.32","X1.33","X2.33","X3.33","X4.33","X5.33","X6.33","X7.33","X8.33","X9.33","X10.33","X11.33","X12.33","X13.33","X14.33","X15.33","X16.33","X17.33","X18.33","X19.33","X20.33","X1.34","X2.34","X3.34","X4.34","X5.34","X6.34","X7.34","X8.34","X9.34","X10.34","X11.34","X12.34","X13.34","X14.34","X15.34","X16.34","X17.34","X18.34","X19.34","X20.34","X1.35","X2.35","X3.35","X4.35","X5.35","X6.35","X7.35","X8.35","X9.35","X10.35","X11.35","X12.35","X13.35","X14.35","X15.35","X16.35","X17.35","X18.35","X19.35","X20.35","X1.36","X2.36","X3.36","X4.36","X5.36","X6.36","X7.36","X8.36","X9.36","X10.36","X11.36","X12.36","X13.36","X14.36","X15.36","X16.36","X17.36","X18.36","X19.36","X20.36","X1.37","X2.37","X3.37","X4.37","X5.37","X6.37","X7.37","X8.37","X9.37","X10.37","X11.37","X12.37","X13.37","X14.37","X15.37","X16.37","X17.37","X18.37","X19.37","X20.37","X1.38","X2.38","X3.38","X4.38","X5.38","X6.38","X7.38","X8.38","X9.38","X10.38","X11.38","X12.38","X13.38","X14.38","X15.38","X16.38","X17.38","X18.38","X19.38","X20.38","X1.39","X2.39","X3.39","X4.39","X5.39","X6.39","X7.39","X8.39","X9.39","X10.39","X11.39","X12.39","X13.39","X14.39","X15.39","X16.39","X17.39","X18.39","X19.39","X20.39","X1.40","X2.40","X3.40","X4.40","X5.40","X6.40","X7.40","X8.40","X9.40","X10.40","X11.40","X12.40","X13.40","X14.40","X15.40","X16.40","X17.40","X18.40","X19.40","X20.40","X1.41","X2.41","X3.41","X4.41","X5.41","X6.41","X7.41","X8.41","X9.41","X10.41","X11.41","X12.41","X13.41","X14.41","X15.41","X16.41","X17.41","X18.41","X19.41","X20.41","X1.42","X2.42","X3.42","X4.42","X5.42","X6.42","X7.42","X8.42","X9.42","X10.42","X11.42","X12.42","X13.42","X14.42","X15.42","X16.42","X17.42","X18.42","X19.42","X20.42","X1.43","X2.43","X3.43","X4.43","X5.43","X6.43","X7.43","X8.43","X9.43","X10.43","X11.43","X12.43","X13.43","X14.43","X15.43","X16.43","X17.43","X18.43","X19.43","X20.43","X1.44","X2.44","X3.44","X4.44","X5.44","X6.44","X7.44","X8.44","X9.44","X10.44","X11.44","X12.44","X13.44","X14.44","X15.44","X16.44","X17.44","X18.44","X19.44","X20.44","X1.45","X2.45","X3.45","X4.45","X5.45","X6.45","X7.45","X8.45","X9.45","X10.45","X11.45","X12.45","X13.45","X14.45","X15.45","X16.45","X17.45","X18.45","X19.45","X20.45","X1.46","X2.46","X3.46","X4.46","X5.46","X6.46","X7.46","X8.46","X9.46","X10.46","X11.46","X12.46","X13.46","X14.46","X15.46","X16.46","X17.46","X18.46","X19.46","X20.46","X1.47","X2.47","X3.47","X4.47","X5.47","X6.47","X7.47","X8.47","X9.47","X10.47","X11.47","X12.47","X13.47","X14.47","X15.47","X16.47","X17.47","X18.47","X19.47","X20.47","X1.48","X2.48","X3.48","X4.48","X5.48","X6.48","X7.48","X8.48","X9.48","X10.48","X11.48","X12.48","X13.48","X14.48","X15.48","X16.48","X17.48","X18.48","X19.48","X20.48","X1.49","X2.49","X3.49","X4.49","X5.49","X6.49","X7.49","X8.49","X9.49","X10.49","X11.49","X12.49","X13.49","X14.49","X15.49","X16.49","X17.49","X18.49","X19.49","X20.49"
"1",-0.118259923222834,0,-0.327874557162816,0,0,0,0,-0.3184122246553,0,0,0,-0.307825070079978,0,0,0,0,0,0,0,0,0.379931143715589,0,-0.178649581797681,0,0,0,0,0.206280729040948,0,0,0,0.189979042279812,0,0,0,0,0,0,0,0,-0.530147397528791,0,0.280546999411656,0,0,0,0,0.363536728940319,0,0,0,0.286206877410185,0,0,0,0,0,0,0,0,-0.168369444894334,0,0.189392147629525,0,0,0,0,0.261114292335954,0,0,0,0.267252202625703,0,0,0,0,0,0,0,0,0.421094893629185,0,0.352119791144296,0,0,0,0,-0.209019665521731,0,0,0.0576782259500463,-0.31046140358174,0,0,0,0,0,0,0,0,-0.108857549830874,0,-0.285976825945743,0,0,0,0,0.294592381671173,0,0,0,0.293464163320364,0,0,0,0,0,0,0,0,0.36878539210129,0,0.346094853809817,0,0,0,0,-0.262422496357066,0,0,0,-0.389762512876538,0,0,0,0,0,0,0,0,-0.51072032104937,0,0.263851130195611,0,0,0,0,-0.180287814712185,0,0,0,0.228555995871199,0,0,0,0,0,0,0,0,-0.141134144405456,0,-0.284962534139909,0,0,0,0,0.307540518868235,0,0,0,-0.266273760390017,0,0,0,0,0,0,0,0,-0.495900404555888,0,0.312164144562837,0,0,0,0,0.23313405318169,0,0,0,0.360699628538144,0,0,0,0,0,0,0,0,0.327669062246659,0,-0.244412960283923,0,0,0,0,0.379375866964228,0,0,0,0.135382939681425,0,0,0,0,0,0,0,0,0.334445706327302,0,-0.341797296115598,0,0,0,0,0.29944883747323,0,0,-0.0455011403323784,-0.212520571606184,0.0421477236359201,0,0,0,0,0,0,0,-0.142354845660004,0,-0.32564769518276,0,0,0,0,0.332590736167551,0,0,0,-0.317787254264023,0,0,0,0,0,0,0,0,0.165921078352219,0,-0.3320395865578,0,0,0,0,-0.327766715673011,0,0,0,0.308328295163814,0,0,0,0,0,0,0,0,0.537327565762915,0,-0.196976968109253,0,0,0,0,0.226227653890741,0,0,0,-0.383129608375585,-0.0814314137669101,0,0,0,0,0,0,0,0.282514802501679,0,-0.260068780470859,0,0,0,0,-0.293187532617891,0,0,0,-0.378130886019637,0,0,0,0,0,0,0,0,0.133391398140448,0,0.277524257039169,0,0,0,0,-0.141325024104372,0,0,0,0.188445048566232,0,0,0,0,0,0,0,0,-0.209924367225177,0,0.318964435211311,0,0,0,0,0.349947862613603,0,0,0,-0.354929169665706,0,0,0,0,0,0,0,0,-0.173386875570306,0,-0.246932160898817,0,0,0,0,0.261135662409917,0,0,0,0.39724972388927,0.0219744790286413,0,0,0,0,0,0,0,0.339486712340218,0,-0.262050453299879,0,0,0,0,0.332122742869627,0,0,0,0.254156475078237,0,0,0,0,0,0,0,0,0.119527726431928,0,0.248296171772825,0,0,0,0,-0.264543112432365,0,0,0,-0.252635107528365,0,0,0,0,0,0,0,0,0.269584519027985,0,-0.166384763934747,0,0,0,0,-0.213884390712791,0,0,0,0.342416453408627,0,0,0,0,0,0,0,0,-0.123639744792069,0,-0.399898190063951,0,0,0,0,0.339441067219632,0,0,0,0.157156906098776,0.0553170013865578,0,0,0,0,0,0,0,0.0606683085424936,0,-0.244896138022306,0,0,0,0,0.243670728697074,0,0,0,-0.395968659530283,0,0,0,0,0,0,0,0,0.259212190150841,0,-0.332692176988048,0,0,0,0,-0.304880971561286,0,0,0,-0.190986494022229,0,0,0,0,0,0,0,0,0.482237653121574,0,-0.25874596334522,0,0,0,0,0.284876299243056,0,0,0,-0.32850612823527,0,0,0,0,0,0,0,0,-0.147953610197959,0,0.190858888743999,0,0,0,0,0.156611373299792,0,0,0,-0.260595089969594,0,0,0,0,0,0,0,0,0.0854598425260493,0,-0.256632238154842,0,0,0,0,0.199298540924899,0,0,0,-0.212104849144915,0.0413323094543163,0,0,0,0,0,0,0,0.354836285466489,0,-0.200734519048051,0,0,0,0,0.298344808973701,0,0,0,0.231845472535624,0,0,0,0,0,0,0,0,0.144426520226932,0,-0.29425887408469,0,0,0,0,-0.175352224720653,0,0,0,-0.260474234237924,-0.0717173862613373,0,0,0,0,0,0,0,0.0344809154252741,0,0.354621573335877,0,0,0,0,0.292973254026098,0,0,0,-0.269103289903576,0,0,0,0,0,0,0,0,0.121589371798961,0,0.294396314798558,0,0,0,0,0.233971703219227,0,0,0,0.340136357759194,0,0,0,0,0,0,0,0,-0.507730421782365,0,0.31595410029656,0,0,0,0,-0.261835213080209,0,0,0,-0.354147949657127,0.0299613625628553,0,0,0,0,0,0,0,0.240318433399874,0,0.290536891627303,0,0,0,0,0.301682010281445,0,0,0,-0.37034562236099,0.0205662440758036,0,0,0,0,0,0,0,0.346671814233506,0,-0.266328859787129,0,0,0,0,-0.318892639503485,0,0,0,-0.279918301676486,0,0,0,0,0,0,0,0,-0.165267353175185,0,-0.274822590576999,0,0,0,0,-0.289924629681626,0,0,0,0.264043195585095,0,0,0,0,0,0,0,0,-0.437682559557746,0,-0.329830930932324,0,0,0,0,0.225319045809791,0,0,0,0.376300858716982,0,0,0,0,0,0,0,0,0.408955185082312,0,-0.219133227086473,0,0,0,0,0.314078760250207,0,0,0,0.376500090231692,0,0,0,0,0,0,0,0,0.093201329604193,0,0.23044177369678,0,0,0,0,0.266285841381172,0,0,0,-0.337373735333888,0,0,0,0,0,0,0,0,-0.0292849448821336,0,-0.201767974921934,0,0,0,0,-0.229495847914154,0,0,0,-0.258094106486749,0,0,0,0,0,0,0,0,0.039094643309697,0,0.199680516912283,0,0,0,0,0.204521888691876,0,0,0,-0.278600022405848,-0.0211947547966803,0,0,0,0,0,0,0,0.138266893858847,0,0.371824013423473,0,0,0,0,-0.340132929882354,0,0,0,0.364055673554361,0,0,0,0,0,0,0,0,0.469852438201411,0,-0.272436621311242,0,0,0,0,0.251767879439019,0,0,0,-0.297889685971744,0.0396808579226052,0,0,0,0,0,0,0,-0.468806976050391,0,0.207947853908627,0,0,0,0,0.302335096947618,0,0,0,0.253607794019262,-0.0218365120676298,0,0,0,0,0,0,0,-0.199453881815512,0,-0.325392628944077,0,0,0,0,0.328862041340897,0,0,0,0.298179600932929,0,0,0,0,0,0,0,0,-0.220388669786402,0,0.344086123566291,0,0,0,0,-0.286058151751881,0,0,0,0.325174682348082,0,0,0,0,0,0,0,0,0.409161397068197,0,0.263451490290615,0,0,0,0,0.264120857410354,0,0,0,-0.325306945618344,0,0,0,0,0,0,0,0,0.342517295291651,0,0.163872342672932,0,0,0,0,0.199825707348906,0,0,0,0.323141357934195,0,0,0,0,0,0,0,0,-0.28167217925929,0,0.332847291250574,0,0,0,0,0.262680704286039,0,0,0,0.209660157203001,-0.0270706528553299,0,0,0,0,0,0,0,-0.50164481491626,0,0.23714257593974,0,0,0,0,0.317860374193853,0,0,0,-0.348055732189294,0,0,0,0,0,0,0,0
"2",0,0.0924339915589416,0,0,0,0,0,0,0,0,0.0252953731208414,0,0,0,0,0,0,0.241728447290592,0,0,0,-0.405225914103297,0,0,0,0,0,0,0,0,0,0,0,0,0,0,0,-0.362384868015651,0,0,0,0.117730878208878,0,0,0,0,0,0,0,0,0,0,0,0,0,0,0,-0.229703505294673,0,0,0,0.219585419166732,0,0,0,0,0,0,0,0,0,0,0,0,0,0,0,-0.274136931421748,0,0,0,-0.0914700928066956,0,0,0,0,0,0,0,0,0,0,0,0,0,0,0,0.225165130590647,0,0,0,0.0969984045753917,0,0,0,0,0,0,0,0,0,0,0,0,0,0,0,-0.294903957711092,0,0,0,0.498977641017001,0,0,0,0,0,0,0,0,0,0,0,0,0,0,0,0.339493503984117,0,0,0,0.398720575871975,0,0,0,0,0,0,0,0,0,0,0,0,0,0,0,0.300729114681144,0,0,0,0.125190741422118,0,0,0,0,0,0,0,0,0,0,0,0,0,0,0,0.350143133144166,0,0,0,0.400380020530768,0,0,0,0,0,0,0,0,0,0,0,0,0,0,0,0.258974598983372,0,0,0,0.239523994365777,0,0,0,0,0,0,0,0,0,0,0,0,0,0,0,0.297333825151594,0,0,0,0.0764592263471271,0,0,0,0,0,0,0,0,0,0,0,0,0,0,0,-0.276908272096945,0,0,0,0.48736360213195,0,0,0,0,0,0,0,0,0,0,0,0,0,0,0,-0.259891333349462,0,0,0,0.0894384822059922,0,0,0,0,0,0,0,0,0,0,0,0,0,0,0,-0.215940388725625,0,0,0,0.178496841388268,0,0,0,0,0,0,0,0,0,0,0,0,0,0,0,0.282395709447696,0,0,0,-0.0252613292359399,0,0,0,0,0,0,0,0,0,0,0,0,0,0,0,-0.259566921522538,0,0,0,0.143482160862105,0,0,0,0,0,0,0,0,0,0,0,0,0,0,0,0.265737405151276,0,0,0,0.262717221229018,0,0,0,0,0,0,0,0,0,0,0,0,0,0,0,-0.310976380484949,0,0,0,0.119586360633585,0,0,0,0,0,0,0,0,0,0,0,0,0,0,0,-0.249759187166042,0,0,0,0.284342117016421,0,0,0,0,0,0,0,0,0,0,0,0,0,0,0,0.249050037718532,0,0,0,0.254125546489494,0,0,0,0,0,0,0,0,0,0,0,0,0,0,0,-0.317193428435582,0,0,0,0.257898767688537,0,0,0,0,0,0,0,0,0,0,0,0,0,0,0,0.406295193105338,0,0,0,0.0969041658626771,0,0,0,0,0,0,0,0,0,0,0,0,0,0,0,-0.382921580042941,0,0,0,0.284223143340892,0,0,0,0,0,0,0,0,0,0,0,0,0,0,0,-0.276427746000994,0,0,0,0.0402666759940718,0,0,0,0,0,0,0,0,-0.0351607467679299,0,0,0,0,0,0,-0.264568057536717,0,0,0,-0.0596591149140958,0,0,0,0,0,0,0,0,0,0,0,0,0,0,0,0.346160818232099,0,0,0,-0.111133266268111,0,0,0,0,0,0,0,0,0,0,0,0,0,0,0,0.356798140599833,0,0,0,0.521269835193786,0,0,0,0,0,0,0,0,0,0,0,0,0,0,0,0.364727664040553,0,0,0,-0.225896027688016,0,0,0,0,0,0,0,0,0,0,0,0,0,0,0,0.318240095932288,0,0,0,0.227842716721697,0,0,0,0,0,0,0,0,0,0,0,0,0,0,0,0.286282097179141,0,0,0,-0.163850116050908,0,0,0,0,0,0,0,0,0,0,0,0,0,0,0,0.284722856300295,0,0,0,-0.213490624088951,0,0,0,0,0,0,0,0,0,0,0,0,0,0,0,-0.239112267699139,0,0,0,-0.468171703522684,0,0,0,0,0,0,0,0,0,0,0,0,0,0,0,0.338430750978429,0,0,0,-0.12310336022788,0,0,0,0,0,0,0,0,0,0,0,0,0,0,0,0.430902308524765,0,0,0,0.396679277718977,0,0,0,0,0,0,0,0,0,0,0,0,0,0,0,-0.28528860841212,0,0,0,-0.29846787679431,0,0,0,0,0,0,0,0,0,0,0,0,0,0,0,0.345481661575113,0,0,0,0.150772751560668,0,0,0,0,0,0,0,0,0,0,0,0,0,0,0,-0.234434663953215,0,0,0,-0.203638470204575,0,0,0,0,0,0,0,0,0,0,0,0,0,0,0,-0.337366517125929,0,0,0,-0.505027500458457,0,0,0,0,0,0,0,0,0,0,0,0,0,0,0,-0.382684074091226,0,0,0,-0.0212800139982907,0,0,0,0,0,0,0,0,0,0,0,0,0,0,0,-0.219801444360669,0,0,0,-0.418301856468209,0,0,0,0,0,0,0,0,0,0,0,0,0,0,0,-0.344193365938334,0,0,0,-0.466072697354877,0,0,0,0,0,0,0,0,0,0,0,0,0,0,0,-0.269439675752744,0,0,0,0,0,0,0,0,0,0,0,0,0,0,0,0,0,0,0,0.272845727024789,0,0,0,0.163886623421662,0,0,0,0,0,0,0,0,0,0,0,0,0,0,0,-0.254851368974161,0,0,0,0.140601582901861,0,0,0,0,0,0,0,0,0,0,0,0,0,0,0,-0.227535635799764,0,0,0,0.197998281809114,0,0,0,0,0,0,0,0,0,0,0,0,0,0,0,0.332518246736226,0,0,0,-0.36793986679321,0,0,0,0,0,0,0,0,0,0,0,0,0,0,0,0.172433564590391,0,0,0,-0.0211825501451216,0,0,0,0,0,0,0,0,0,0,0,0,0,0,0,-0.25707936748926,0,0,0,0.123941327412768,0,0,0,0,0,0,0,0,0,0,0,0,0,0,0,0.253584551632718,0,0,0,0.0505541573695423,0,0,0,0,0,0,0,0,-0.0232948012373962,0,0,0,0,0,0,-0.323812958530912,0,0
"3",0,0,0.353109335404022,0,0,0,0.292983085439553,0.0303170097821625,0.274317949863645,0,0,0,0,0,0,0,0,0,0,0,0,0,0.143796020305052,0,0,0,0.391095185910266,0,0.265511261527608,0,0,0,0,0,0,0,0,0,0,0,0,0,0.124371860375151,0,0,0,-0.438401021307436,0.0393335427778476,-0.336264379931539,0,0,0,0,0,0,0,0,0,0,0,0,0,-0.379483377718241,0,0,0,-0.307958611990403,0.0938445965240968,0.415098211935728,0,0,0,0,0,0,0,0,0,0,0,0,0,-0.47236098274791,0,0,0,0.299663828756894,0,-0.249040945388715,0,0,0,0,0,0,0,0,0,0,0,0,0,-0.104399767616305,0,0,0,0.323595060044954,0,-0.277337671455517,0,0,0,0,0,0,0,0,0,0,0,0,0,0.579582251973483,0,0,0,-0.226712583300395,0,0.377032683298073,0,0,0,0,0,0,0,0,0,0,0,0,0,-0.498964206464397,0,0,0,0.389274938591161,0,0.358338378146772,0,0,0,0,0,0,0,0,0,0,0,0,0,-0.445724559869251,0,0,0,-0.229071461324957,-0.0954607951485384,0.537908425768267,0,0,0,0,0,0,0,0,0,0,0,0,0,0.159681711538057,0,0,0,-0.207096650331557,-0.0240430554229394,0.221781352069481,0,0,0,0,0,0,0,0,0,0,0,0,0,0.14348879732488,0,0,0,0.307200832810399,0,0.299140327746581,0,0,0,0,0,0,0,0,0,0,0,0,0,0.320793168205155,0,0,0,0.251829542399352,0,-0.234442542808828,0,0,0,0,0,0,0,0,0,0,0,0,0,0,0,0,0,-0.19326287586321,0,0.308660148674495,0,0,0,0,0,0,0,0,0,0,0,0,0,-0.114215080961966,0,0,0,-0.337598346786099,0,-0.325232865488238,0,0,0,0,0,0,0,0,0,0,0,0,0,0.0444061537955698,0,0,0,-0.249743124856851,0,0.241434694409143,0,0,0,0,0,0,0,0,0,0,0,0,0,0,0,0,0,-0.310982432025237,0.022630781285948,0.225757591357289,0,0,0,0,0,0,0,0,0,0,0,0,0,-0.145777395648801,0,0,0,-0.323469713113363,-0.037959151436109,-0.273631325458496,0,0,0,0,0,0,0,0,0,0,0,0,0,0.278217600663712,0,0,0,-0.295349300729534,0,-0.424156377772559,0,0,0,0,0,0,0,0,0,0,0,0,0,-0.318792215453313,0,0,0,0.323766924344092,0,-0.403727512180401,0,0,0,0,0,0,0,0,0,0,0,0,0,-0.272652017129873,0,0,0,0.335179195410198,0,0.351062102758869,0,0,0,0,0,0,0,0,0,0,0,0,0,-0.292213201041307,0,0,0,0.285560537896317,0,-0.371514440121801,0,0,0,0,0,0,0,0,0,0,0,0,0,-0.115567729135495,0,0,0,0.283364012711936,0,-0.306817502115818,0,0,0,0,0,0,0,0,0,0,0,0,0,-0.0366249352862966,0,0,0,-0.334331333648584,0.0244681955547514,0.389080181366744,0,0,0,0,0,0,0,0,0,0,0,0,0,0.0783485712369718,0,0,0,0.313009243020124,0,0.349535591223711,0,0,0,0,0,0,0,0,0,0,0,0,0,-0.183376422386196,0,0,0,0.392026658228836,0,0.29814896910332,0,0,0,0,0,0,0,0,0,0,0,0,0,0.436646462110705,0,0,0,-0.247605830355054,0,0.379196144191016,0,0,0,0,0,0,0,0,0,0,0,0,0,0.0776421568664791,0,0,0,-0.336520490824694,0,-0.426495051846676,0,0,0,0,0,0,0,0,0,0,0,0,0,0.455241103640715,0,0,0,0.203797568625985,-0.0270874596674476,-0.353283500586614,0,0,0,0,0,0,0,0,0,0,0,0,0,-0.0418312645779099,0,0,0,0.348992220324938,0,0.34284740269844,0,0,0,0,0,0,0,0,0,0,0,0,0,-0.398128853033878,0,0,0,-0.351746539233861,0,0.205604429600106,0,0,0,0,0,0,0,0,0,0,0,0,0,0.217305721863433,0,0,0,-0.252871387621533,0.050801349820668,0.300221845943902,0,0,0,0,0,0,0,0,0,0,0,0,0,-0.420007941398882,0,0,0,0.395571103553646,0,-0.36490765736452,0,0,0,0,0,0,0,0,0,0,0,0,0,-0.386067377494923,0,0,0,-0.184138497065979,0.0516834539387252,0.314241283229949,0,0,0,0,0,0,0,0,0,0,0,0,0,0.266280741184929,0,0,0,-0.341306222876163,0,-0.295164485027965,0,0,0,0,0,0,0,0,0,0,0,0,0,-0.384202544446513,0,0,0,-0.291609390697583,0,-0.327044671215636,0,0,0,0,0,0,0,0,0,0,0,0,0,-0.254089804341897,0,0,0,-0.26427788254454,-0.0875326052574514,-0.264009353522591,0,0,0,0,0,0,0,0,0,0,0,0,0,-0.639716849717741,0,0,0,-0.184564595052318,0,-0.307360251152931,0,0,0,0,0,0,0,0,0,0,0,0,0,-0.299251266601948,0,0,0,0.373027375849073,0.0352366517572114,0.416069893549217,0,0,0,0,0,0,0,0,0,0,0,0,0,0.510501964955923,0,0,0,0.289722732574847,-0.0248031976847825,0.333969369344697,0,0,0,0,0,0,0,0,0,0,0,0,0,-0.0512118681509149,0,0,0,-0.241497855311542,0,-0.353721701457779,0,0,0,0,0,0,0,0,0,0,0,0,0,-0.0375700860599906,0,0,0,0.305054673582041,0.0308614540098881,-0.249294233891912,0,0,0,0,0,0,0,0,0,0,0,0,0,0,0,0,0,0.363253569016323,-0.031049250145901,-0.177428735310671,0,0,0,0,0,0,0,0,0,0,0,0,0,-0.204533084248242,0,0,0,0.377212777861056,0.0366297762126695,-0.328080980634941,0,0,0,0,0,0,0,0,0,0,0,0,0,0.41362576898671,0,0,0,-0.398387685978014,0,-0.249497259098064,0,0,0,0,0,0,0,0,0,0,0,0,0,0.461648467424179,0,0,0,-0.189803196649023,-0.0224105529531342,-0.28860278391258,0,0,0,0,0,0,0,0,0,0,0,0,0,-0.125422369521923,0,0,0,-0.300953121017899,0,-0.246288332464784,0,0,0,0,0,0,0,0,0,0,0,0,0,-0.129550569912484,0,0,0,0.31564348365791,0,-0.312989359878389,0,0,0,0,0,0,0,0,0,0,0,0,0,-0.268062012957998,0,0,0,0.419474489508079,0,-0.29595125638319,0,0,0,0,0,0,0,0,0,0,0,0,0,-0.289200512246268,0,0,0,0.366821041866377,-0.0326718417666379,-0.280657950519995,0,0,0,0,0,0,0,0,0,0,0,0,0,0.432851085782739,0,0,0,0.267913257273837,0,-0.286440179988412,0,0,0,0,0,0,0,0,0,0,0
"4",0.232138124257753,0,0,-0.352100952851338,0,0,0,0,0,0,0,0,0,0,0,0,0,0,0,0.278941428109479,0.290472133014645,0,0,-0.136750324446191,0,0,0,0,0,0,0,0,0,0,0,0,0,0,0,-0.285888791212916,-0.376342177034698,0,0,-0.283385989614643,0,0,0,0,0,0,0,0,0,0,0,0,0,0,0,-0.216807307366851,-0.36632259982763,0,0,-0.170188911515553,0,0,0,0,0,0,0,0,0,0,0,0,0,0,0,-0.30156531823648,-0.286543040115083,0,0,0.17260602690547,0,0,0,0,0,0,0,0,0,0,0,0,0,0,0,0.267548562236271,-0.30019486809502,0,0,0.48134799628721,0,0,0,0,0,0,0,0,0,0,0,0,0,0,0,0.352270506981223,-0.265912323121333,0,0,0.250089684794868,0,0,0,0,0,0,0,0,0,0,0,0,0,0,0,-0.246544281312406,0.290107489069339,0,0,0.47695847613879,0,0,0.0506513405724297,0,0,0,0,0,0,0,0.0405956416021102,0,0,0,0,0.349046637430031,0.382088670265886,0,0,0.242638829779415,0,0,0,0,0,0,0,0,0,0,0,0,0,0,0,-0.400943597240534,0.300562289541464,0,0,0.0550124522635218,0,0,0,0,0,0,0,0,0,0,0,0,0,0,0,0.539370522999825,-0.322431246960154,0,0,0.328140855443622,0,0,0,0,0,0,0,0,0,0,0,0,0,0,0,0.337973716361875,-0.321314395766199,0,0,0.192506626241977,0,0,0,0,0,0,0,0,0,0,0,0,0,0,0,-0.324782432485621,0.333744972519874,0,0,0.349385846103159,0,0,0,0,0,0,0,0,0,0,0,0,0,0,0,0.352710758660566,0.34830592264903,0,0,0.325543771957138,0,0,0.0361253445511588,0,0,0,0,0,0,0,0,0,0,0,0,0.352888600732943,0.226638722476143,0,0,-0.268983389840941,0,0,0,0,0,0,0,0,0,0,0,0,0,0,0,-0.299738484869639,0.158922211970284,0,0,-0.447597592009151,0,0,0,0,0,0,0,0,0,0,0,0,0,0,0,-0.497368528575635,0.221593186413153,0,0,-0.0882169885454854,0,0,0,0,0,0,0,0,0,0,0,0,0,0,0,-0.314009405850419,0.323567449843756,0,0,-0.204057504279257,0,0,0,0,0,0,0,0,0,0,0,0,0,0,0,-0.325107692625309,-0.25663052729119,0,0,0.354362371264764,0,0,0,0,0,0,0,0,0,0,0,0,0,0,0,-0.317720392375715,-0.214494027377063,0,0,-0.394184974860137,0,0,0,0,0,0,0,0,0,0,0,0,0,0,0,-0.228088847514657,0.32020924962168,0,0,-0.223234766440943,0,0,0,0,0,0,0,0,0,0,-0.0430526048002661,0,0,0,0,-0.330885685024784,-0.293613435948672,0,0,-0.450771158035,0,0,0,0,0,0,0,0,0,0,0,0,0,0,0,-0.276059686006505,-0.411511695408259,0,0,-0.203527216687425,0,0,0,0,0,0,0,0,0,0,0,0,0,0,0,-0.316631930161364,0.292984198203306,0,0,0.402503663089831,0,0,0,0,0,0,0,0,0,0,0,0,0,0,0,0.348100313798817,-0.406038502286026,0,0,0.077237495539653,0,0,0,0,0,0,0,0,0,0,0,0,0,0,0,-0.259450397428343,0.432568869869928,0,0,0.061220514723047,0,0,0,0,0,0,0,0,0,0,0.0557631280635552,0,0,0,0,-0.25542399601339,-0.293942184289599,0,0,-0.527330544929524,0,0,0,0,0,0,0,0,0,0,0,0,0,0,0,-0.363597403404743,-0.296809644523571,0,0,-0.538396502461075,0,0,0,0,0,0,0,0,0,0,0,0,0,0,0,-0.341130775057086,0.319578720049091,0,0,-0.191132026619869,0,0,0,0,0,0,0,0,0,0,0,0,0,0,0,-0.292065882980738,0.325960287806779,0,0,-0.0754719253462692,0,0,-0.0376101287176104,0,0,0,0,0,0,0,0.0224004181883448,0,0,0,0,-0.365144818128819,0.229121385103513,0,0,0.0730363295054778,0,0,0,0,0,0,0,0,0,0,0,0,0,0,0,-0.310617991993505,-0.340070829137252,0,0,0.250331954820653,0,0,0,0,0,0,0,0,0,0,0,0,0,0,0,0.346417815321558,0.318404963978488,0,0,-0.168484338431021,0,0,0,0,0,0,0,0,0,0,0,0,0,0,0,-0.409850521622755,-0.338294240367456,0,0,-0.200322137014601,0,0,0,0,0,0,0,0,0,0,0,0,0,0,0,-0.178367872811005,0.320524135008921,0,0,-0.618057447951603,0,0,0,0,0,0,0,0,0,0,0,0,0,0,0,-0.253566776429128,0.396595863369309,0,0,-0.301029444899179,0,0,0,0,0,0,0,0,0,0,0,0,0,0,0,0.251253657389534,0.336262403373725,0,0,-0.479723394929251,0,0,0,0,0,0,0,0,0,0,0,0,0,0,0,0.309676817252116,-0.258656744996694,0,0,-0.274492419204195,0,0,0,0,0,0,0,0,0,0,0,0,0,0,0,-0.260389837482692,0.285209645749468,0,0,0.291893316456018,0,0,0,0,0,0,0,0,0,0,-0.0200345395992582,0,0,0,0,-0.274853490320402,-0.307336684975925,0,0,0.459192499939959,0,0,0,0,0,0,0,0,0,0,0,0,0,0,0,0.293853278236763,-0.386078497505581,0,0,-0.460310800511687,0,0,0,0,0,0,0,0,0,0,0,0,0,0,0,0.337260270436519,0.425997881934458,0,0,0.162299131692994,0,0,0,0,0,0,0,0,0,0,0,0,0,0,0,-0.344116610027483,0.300489347542002,0,0,0.410383503250054,0,0,0,0,0,0,0,0,0,0,0,0,0,0,0,0.37800366178815,-0.329904048733651,0,0,0.0607152494918198,0,0,0,0,0,0,0,0,0,0,0,0,0,0,0,-0.281170798977583,0.420513752223592,0,0,-0.469776798208211,0,0,0,0,0,0,0,0,0,0,0,0,0,0,0,0.325203984373902,-0.34269890601412,0,0,-0.123366967232946,0,0,0,0,0,0,0,0,0,0,0.0216126574401578,0,0,0,0,0.313512436294187,-0.268348330979365,0,0,-0.114087059565267,0,0,0,0,0,0,0,0,0,0,0,0,0,0,0,0.435683643587018,0.353046943733914,0,0,0.105819248026449,0,0,0,0,0,0,0,0,0,0,0,0,0,0,0,0.34101933509587,-0.317801602712004,0,0,-0.417046061961172,0,0,0,0,0,0,0,0,0,0,0,0,0,0,0,-0.22937528743289,0.399153948975884,0,0,-0.497586397649764,0,0,0,0,0,0,0,0,0,0,-0.0340877703071384,0,0,0,0,0.236628973741214
"5",0,0,0,0,-0.455759451635961,0,0,0,0,-0.361408334607543,0.0591847401668113,0,0,0,0,-0.206021031803363,0,0,0,0,0,0,0,0,-0.122374969562527,0,0,0,0,-0.341095369144767,0,0,0,0,0,-0.336861275197642,0,0,0,0,0,0,0,0,-0.46552893167083,0,0,0,0,-0.192728319591027,0,0,0,0,0,0.420449280635593,0,0,0,0,0,0,0,0,-0.186958472643944,0,0,0,0,-0.312864957720753,-0.0388944407939062,0,0,0,0,-0.38503692780459,0,0,0,0,0,0,0,0,-0.0365155299206701,0,0,0,0,-0.325897003461245,0.0246255069980599,0,0,0,0,0.196156636762328,0,0,0,0,0,0,0,0,0.222724087187715,0,0,0,0,0.376162031064975,-0.0232298193336965,0,0,0,0,-0.369897374824616,0,0,0,0,0,0,0,0,0.412466330713085,0,0,0,0,-0.302432987226904,0.0405637161181612,0,0,0,0,0.2794843212194,0,0,0,0,0,0,0,0,0.117611074809659,0,0,0,0,0.325647821903657,0.0237587604686769,0,0,0,0,0.331144491810546,0,0,0,0,0,0,0,0,-0.4745492953455,0,0,0,0,0.364046945096669,0,0,0,0,0,-0.301389477371069,0,0,0,0,0,0,0,0,0.159940640766064,0,0,0,0,0.273778604600534,0,0,0,0,0,-0.191569510257579,0,0,0,0,0,0,0,0,-0.484360218724712,0,0,0,0,-0.2543622896545,0.117183504552048,0,0,0,0,-0.210120408931751,0,0,0,0,0,0,0,0,-0.220828490965338,0,0,0,0,-0.281877022327571,0,0,0,0,0,0.36576678516789,0,0,0,0,0,0,0,0,0.323869294768604,0,0,0,0,-0.23725849210754,0,0,0,0,0,-0.300406301788689,0,0,0,0,0,0,0,0,0.460977357471227,0,0,0,0,-0.309102264512206,0,0,0,0,0,0.335216982687142,0,0,0,0,0,0,0,0,-0.218603083400324,0,0,0,0,0.294068845912082,0,0,0,0,0,-0.253061547148061,0,0,0,0,0,0,0,0,-0.173817855905087,0,0,0,0,0.294915729785711,0,0,0,0,0,0.249938581396254,0,0,0,0,0,0,0,0,-0.464003410525494,0,0,0,0,0.289361080640773,0,0,0,0,0,-0.355539978371192,0,0,0,0,0,0,0,0,0,0,0,0,0,0.209360695146811,0,0,0,0,0,-0.207750476818708,0,0,0,0,0,0,0,0,0.331332668129735,0,0,0,0,-0.400561920293925,0,0,0,0,0,0.244391873533066,0,0,0,0,0,0,0,0,0.0437564739170075,0,0,0,0,0.282071945442751,0.0212111763971581,0,0,0,0,-0.323869062822973,0,0,0,0,0,0,0,0,-0.307827551478926,0,0,0,0,0.346166318097947,-0.0396891740369291,0,0,0,0,-0.310913461850293,0,0,0,0,0,0,0,0,0.259362119864307,0,0,0,0,0.306214459649483,0,0,0,0,0,-0.344537933697207,0,0,0,0,0,0,0,0,0,0,0,0,0,-0.39250791359602,0,0,0,0,0,0.256627307546707,0,0,0,0,0,0,0,0,0.124989675855466,0,0,0,0,-0.292963714932159,0,0,0,0,0,-0.295833264572803,0,0,0,0,0,0,0,0,0.447452312469602,0,0,0,0,-0.358809375271859,0,0,0,0,0,-0.301585280489357,0,0,0,0,0,0,0,0,0.374070294530486,0,0,0,0,-0.367799363954277,0,0,0,0,0,-0.381213253799973,0,0,0,0,0,0,0,0,0.592723111484836,0,0,0,0,-0.236684969465866,-0.0309758918039337,0,0,0,0,-0.343733802642136,0,0,0,0,0,0,0,0,-0.579215760527388,0,0,0,0,0.104858866214074,0,0,0,0,0,-0.258820645526824,0,0,0,0,0,0,0,0,-0.112266245184608,0,0,0,0,0.346129193100972,0,0,0,0,0,-0.26931774573825,0,0,0,0,0,0,0,0,0.521829304145797,0,0,0,0,0.278818992230467,0.030687773029829,0,0,0,0,-0.311447321433321,0,0,0,0,0,0,0,0,-0.34799566469142,0,0,0,0,0.264211483111893,0.0407322804191724,0,0,0,0,0.28535587222928,0,0,0,0,0,0,0,0,0.435850948774509,0,0,0,0,-0.255236859386548,0.1000970592928,0,0,0,0,-0.263730903653171,0,0,0,0,0,0,0,0,0.268679411978469,0,0,0,0,0.241717956443219,0,0,0,0,0,0.30074345429797,0,0,0,0,0,0,0,0,0.112167600371008,0,0,0,0,0.281525493798436,0,0,0,0,0,0.340749777751746,0,0,0,0,0,0,0,0,0.173247630944933,0,0,0,0,-0.296172800201964,0,0,0,0,0,0.363677519630946,0,0,0,0,0,0,0,0,0.083613713491697,0,0,0,0,0.283597074365142,0,0,0,0,0,-0.382986260571919,0,0,0,0,0,0,0,0,-0.216963830837834,0,0,0,0,0.299432713082308,-0.0208171755867957,0,0,0,0,-0.308850823757,0,0,0,0,0,0,0,0,-0.500062031143926,0,0,0,0,-0.281958890465119,0.024646816911536,0,0,0,0,0.236799515121254,0,0,0,0,0,0,0,0,-0.326794324132899,0,0,0,0,0.19985381983554,0,0,0,0,0,-0.323662900559245,0,0,0,0,0,0,0,0,0.57460671404909,0,0,0,0,-0.156784280309891,0.0311548088055708,0,0,0,0,0.403799085081971,0,0,0,0,0,0,0,0,-0.298482302223713,0,0,0,0,0.268829554777596,0,0,0,0,0,-0.215442091322688,0,0,0,0,0,0,0,0,0.142040926491396,0,0,0,0,0.298165490101965,-0.0486612570426305,0,0,0,0,-0.341092601456973,0,0,0,0,0,0,0,0,0.560410114868228,0,0,0,0,0.245059683335369,0.0494704785202387,0,0,0,0,-0.197682249821723,0,0,0,0,0,0,0,0,0.0992265203859807,0,0,0,0,0.371874703251779,0,0,0,0,0,-0.32273431417489,0,0,0,0,0,0,0,0,-0.162433516336547,0,0,0,0,0.254813051244525,0,0,0,0,0,0.128449139647367,0,0,0,0,0,0,0,0,0,0,0,0,0,0.295832298775241,0,0,0,0,0,0.197942441123988,0,0,0,0,0,0,0,0,0.540383081311607,0,0,0,0,0.359661310251051,0,0,0,0,0,-0.384677648452856,0,0,0,0,0,0,0,0,-0.317047768858151,0,0,0,0,0.360379139051821,0.0315955859289466,0,0,0,0,-0.344778759841495,0,0,0,0,0,0,0,0,0.333371518217114,0,0,0,0,0.329177012768577,0,0,0,0,0,-0.382886955937209,0,0,0,0,0,0,0,0,0.194963710178635,0,0,0,0,-0.213546159131546,-0.0293819861168442,0,0,0,0,0.336035342148152,0,0,0,0
"6",0,0,0,0,0,0.244679904979431,0,0,0,0,0,0,0,0,0,0,0.23498777376501,0.381184864658431,0,0,0,0,0,0,0,-0.363991148218456,0,0,0,0,0,0,0,0,0,0,-0.266458729670239,0.285929818400425,0,0,0,0,0,0,0,0.255113469515196,0,0,0,0,0,0,0,0,0,0,0.308618395283165,-0.331354756325899,0,0,0,0,0,0,0,0.286286896405709,0,0,0,0,0,0,0,0,0,0,0.261954952284984,-0.277508958268894,0,0,0,0,0,0,0,0.342954965375097,0,0,0,0,0,0,0,0,0,0,-0.227707537301968,-0.129862561358277,0,0,0,0,0,0,0,0.383860180968794,0,0,0,0,0,0,0,0,0,0,0.268221488047652,-0.293298010792387,0,0,0,0,0,0,0,0.383815852062541,0,0,0,0,0,0,0,0,0,0,0.270099337494637,-0.295966728098189,0,0,0,0,0,0,0,-0.421555763629856,0,0,0,0,0,0,0,0,0,0,-0.265345631094437,0.231562784883779,0,0,0,0,0,0,0,-0.308390205408954,0,0,0,0,0,0,0,0,0,0,-0.282995070061234,0.325520490155925,0,0,0,0,0,0,0,0.415094930888221,0,0,0,0,0,0,0,0,0,0,0.411190342632865,-0.178843504901376,0,0,0,0,0,0,0,-0.450710843415676,0,0,0,0,0,0,0,0,0,0,-0.357252516283612,-0.287818260155535,0,0,0,0,0,0,0,0.433496822636176,0,0,0,-0.0804879836682095,0,0,0,0,0,0,-0.404682302728881,0.377404615541682,0,0,0,0,0,0,0,0.361539764767898,0,0,0,-0.0312024937584393,0,0,0,0,0,0,-0.245930050072647,0.271337526756855,0,0,0,0,0,0,0,-0.258421269498026,0,0,0,0,0,0,0,0,0,0,0.211423504902687,0.306369232598808,0,0,0,0,0,0,0,-0.108203963078138,0,0,0,0,0,0,0,0,0,0,-0.248773394877233,-0.349426605984995,0,0,0,0,0,0,0,0.375601115942149,0,0,0,0,0,0,0,0,0,0,-0.262779724174949,-0.293277814434121,0,0,0,0,0,0,0,0.299115488585913,0,0,0,0,0,0,0,0,0,0,0.210280979769676,0.363076799551908,0,0,0,0,0,0,0,0.356799609868406,0,0,0,0,0,0,0,0,0,0,-0.308450862415852,-0.327249766005256,0,0,0,0,0,0,0,-0.298035728063344,0,0,0,-0.0237624899424132,0,0,0,0,0,0,-0.219544540169614,0.300647687495908,0,0,0,0,0,0,0,-0.0936559951202529,0,0,0,0,0,0,0,0,0,0,-0.239944969833295,-0.312611142645564,0,0,0,0,0,0,0,-0.12184839402126,0,0,0,0,0,0,0,0,0,0,0.198691864887335,0.311153950574786,0,0,0,0,0,0,0,0.215654858199358,0,0,0,0,0,0,0,0,0,0,-0.317195044489741,-0.413445361781449,0,0,0,0,0,0,0,0.309431367621099,0,0,0,0,0,0,0,0,0,0,0.351058681972309,-0.277448604137169,0,0,0,0,0,0,0,0.181333077676471,0,0,0,0,0,0,0,0,0,0,-0.372900722418925,0.367630263591231,0,0,0,0,0,0,0,-0.23801846773908,0,0,0,0,0,0,0,0,0,0,-0.28301391433841,0.348163274000098,0,0,0,0,0,0,0,-0.177441163283324,0,0,0,0,0,0,0,0,0,0,-0.226728289421692,0.375990673883073,0,0,0,0,0,0,0,-0.47863834001562,0,0,0,0,0,0,0,0,0,0,0.320630619355571,0.390226629586351,0,0,0,0,0,0,0,0.0468792919381294,0,0,0,-0.0229270660131648,0,0,0,0,0,0,0.259524258946377,-0.278366661657296,0,0,0,0,0,0,0,-0.0676366150906651,0,0,0,0.0389704208930388,0,0,0,0,0,0,0.313163934968388,0.294781579988696,0,0,0,0,0,0,0,0.186381776364892,0,0,0,0,0,0,0,0,0,0,-0.234247568580882,0.298729344517441,0,0,0,0,0,0,0,-0.547708926918995,0,0,0,0,0,0,0,0,0,0,0.344050632385934,0.370966026403071,0,0,0,0,0,0,0,0.283161556449614,0,0,0,0,0,0,0,0,0,0,-0.287603422448758,0.262035549773103,0,0,0,0,0,0,0,0.292077801755857,0,0,0,0,0,0,0,0,0,0,-0.231048670668283,0.375294821985917,0,0,0,0,0,0,0,-0.277582673101714,0,0,0,0,0,0,0,0,0,0,-0.33067861648867,0.335178926639677,0,0,0,0,0,0,0,0,0,0,0,0,0,0,0,0,0,0,-0.297719324589666,-0.296351494806326,0,0,0,0,0,0,0,-0.122939289024169,0,0,0,0,0,0,0,0,0,0,0.282658183212478,-0.246940271668488,0,0,0,0,0,0,0,-0.232614465417924,0,0,0,0,0,0,0,0,0,0,0.27385532217657,-0.238105929746615,0,0,0,0,0,0,0,0,0,0,0,0,0,0,0,0,0,0,0.217589498659027,-0.280969508163122,0,0,0,0,0,0,0,-0.297161994473434,0,0,0,0,0,0,0,0,0,0,0.366218745589404,-0.203431567856384,0,0,0,0,0,0,0,-0.178307486551035,0,0,0,0,0,0,0,0,0,0,0.20519313337636,0.301356348800687,0,0,0,0,0,0,0,0.0719965353229231,0,0,0,0.020466205716307,0,0,0,0,0,0,0.262153992322683,-0.233262756278328,0,0,0,0,0,0,0,-0.373658351656597,0,0,0,0,0,0,0,0,0,0,0.324708192969741,-0.387636289440169,0,0,0,0,0,0,0,0.0997411980729749,0,0,0,0.0237244522619605,0,0,0,0,0,0,-0.285994848295526,-0.281572350775394,0,0,0,0,0,0,0,0.0778445116941394,0,0,0,0,0,0,0,0,0,0,-0.298503367864822,0.281026240753792,0,0,0,0,0,0,0,0.125912310067982,0,0,0,0,0,0,0,0,0,0,-0.213636936719036,-0.26830750028158,0,0,0,0,0,0,0,0.0603904497602748,0,0,0,-0.0237390463147517,0,0,0,0,0,0,-0.19486863388539,-0.327768705861688,0,0,0,0,0,0,0,0.0968576781542251,0,0,0,0,0,0,0,0,0,0,-0.217638199408493,-0.215851372194162,0,0,0,0,0,0,0,0.0415127365418849,0,0,0,0.0642506317029765,0,0,0,0,0,0,0.43299869795144,-0.281719177429805,0,0,0,0,0,0,0,0.0617035220571418,0,0,0,0,0,0,0,0,0,0,-0.1862904551855,-0.298711660166245,0,0,0,0,0,0,0,-0.26797173037334,0,0,0,0,0,0,0,0,0,0,0.310031243979335,-0.302828892946206,0,0
"7",0,0,0,0,0,0.236928598055503,0.317819268111927,0,0,0,0,0,0,0,0,0,0,0,0,0,0,0,0,0,0,-0.252399934525601,-0.0456355245788147,0,0,0,0,0,0,0,0,0,0,0,0,0,0,0,0,0,0,-0.41358800523487,-0.419715687469384,0,0,0,0,0,0,0,0,0,0,0,0,0,0,0,0,0,0,0.247448363114661,0.286005905805964,0,0,0,0,0,0,0,0,0,0,0,0,0,0,0,0,0,0,0.251697606977903,0,0,0,0,0,0,0,0,0,0,0,0,0,0,0,0,0,0,0,-0.428666993423757,0.0430578471550941,0,0,0,0,0,0,0,0,0,0,0,0,0,0,0,0,0,0,-0.263463954374149,-0.255056781564225,0,0,0,0,0,0,0,0,0,0,0,0,0,0,0,0,0,0,0.307768702609549,0.191482019780003,0,0,0,0,0,0,0,0,0,0,0,0,0,0,0,0,0,0,-0.36224804084648,0.2254934991458,0,0,0,0,0,0,0,0,0,0,0,0,0,0,0,0,0,0,0.271537372507897,-0.157196491300387,0,0,0,0,0,0,0,0,0,0,0,0,0,0,0,0,0,0,0.344754924243172,0.217222529894064,0,0,0,0,0,0,0,0,0,0,0,0,0,0,0,0,0,0,0.2591073403263,0.156335340209923,0,0,0,0,0,0,0,0,0,0,0,0,0,0,0,0,0,0,0.378188617042791,0.338870839863629,0,0,0,0,0,0,0,0,0,0,0,0,0,0,0,0,0,0,0.278286435889727,0.234718260619961,0,0,0,0,0,0,0,0,0,0,0,0,0,0,0,0,0,0,-0.193897405666716,0.331749396272572,0,0,0,0,0,0,0,0,0,0,0,0,0,0,0,0,0,0,0.383757658681242,-0.434981680740467,0,0,0,0,0,0,0,0,0,0,0,0,0,0,0,0,0,0,0.478108141016048,0.433898538671843,0,0,0,0,0,0,0,0,0,0,0,0,0,0,0,0,0,0,0.274076631173799,-0.419332590026173,0,0,0,0,0,0,0,0,0,0,0,0,0,0,0,0,0,0,-0.312840450306663,0.481756871140221,0,0,0,0,0,0,0,0,0,0,0,0,0,0,0,0,0,0,-0.238953895392639,0.4153139506642,0,0,0,0,0,0,0,0,0,0,0,0,0,0,0,0,0,0,-0.196583823524761,-0.42995531821491,0,0,0,0,0,0,0,0,0,0,0,0,0,0,0,0,0,0,-0.303204770060307,-0.446925157991796,0,0,0,0,0,0,0,0,0,0,0,0,0,0,0,0,0,0,-0.361860736986251,-0.398171712290406,0,0,0,0,0,0,0,0,0,0,0,0,0,0,0,0,0,0,0.343426803649735,-0.141186207583934,0,0,0,0,0,0,0,0,0,0,0,0,0,0,0,0,0,0,0.256444655412235,-0.196398475863483,0,0,0,0,0,0,0,0,0,0,0,0,0,0,0,0,0,0,-0.358657581178149,-0.345367323513515,0,0,0,0,0,0,0,0,0,0,0,0,0,0,0,0,0,0,0.32936401396675,-0.26811557895299,0,0,0,0,0,0,0,0,0,0,0,0,0,0,0,0,0,0,0.293011254166797,-0.285968248435938,0,0,0,0,0,0,0,0,0,0,0,0,0,0,0,0,0,0,0.282763658282808,0.0633374045072709,0,0,0,0,0,0,0,0,0,0,0,0,0,0,0,0,0,0,-0.326069459598841,0.336337292784606,0,0,0,0,0,0,0,0,0,0,0,0,0,0,0,0,0,0,0.238133806374768,-0.104928871125332,0,0,0,0,0,0,0,0,0,0,0,0,0,0,0,0,0,0,0.322746460422787,0,0,0,0,0,0,0,0,0,0,0,0,0,0,0,0,0,0,0,-0.312459280918826,0.106550193163029,0,0,0,0,0,0,0,0,0,0,0,0,0,0,0,0,0,0,0.296221922440423,-0.335488796577907,0,0,0,0,0,0,0,0,0,0,0,0,0,0,0,0,0,0,0.27850623255246,0.0708445267503934,0,0,0,0,0,0,0,0,0,0,0,0,0,0,0,0,0,0,-0.349238351652427,0.4327482472706,0,0,0,0,0,0,0,0,0,0,0,0,0,0,0,0,0,0,-0.322800844917128,0.13307686489981,0,0,0,0,0,0,0,0,0,0,0,0,0,0,0,0,0,0,-0.241575277672937,-0.346677408964907,0,0,0,0,0,0,0,0,0,0,0,0,0,0,0,0,0,0,-0.295963715447301,-0.363184217918468,0,0,0,0,0,0,0,0,0,0,0,0,0,0,0,0,0,0,0.442191115764018,-0.156925092580795,0,0,0,0,0,0,0,0,0,0,0,0,0,0,0,0,0,0,0.368550692270609,0.165531971445398,0,0,0,0,0,0,0,0,0,0,0,0,0,0,0,0,0,0,-0.279874755917488,0.512272909401841,0,0,0,0,0,0,0,0,0,0,0,0,0,0,0,0,0,0,0.250121384787051,-0.345773961847517,0,0,0,0,0,0,0,0,0,0,0,0,0,0,0,0,0,0,-0.268419341086917,-0.14702416687797,0,0,0,0,0,0,0,0,0,0,0,0,0,0,0,0,0,0,-0.420180263688495,0,0,0,0,0,0,0,0,0,0,0,0,0,0,0,0,0,0,0,0.347182104342754,-0.132483857662235,0,0,0,0,0,0,0,0,0,0,0,0,0,0,0,0,0,0,-0.339337117809994,0.328438309721727,0,0,0,0,0,0,0,0,0,0,0,0,0,0,0,0,0,0,0.37252276891047,0.160205412163018,0,0,0,0,0,0,0,0,0,0,0,0,0,0,0,0,0,0,0.340604879256881,0.041518503115139,0,0,0,0,0,0,0,0,0,0,0,0,0,0,0,0,0,0,-0.292769090881377,-0.245558342121734,0,0,0,0,0,0,0,0,0,0,0,0,0
"8",0,0,0,-0.440179408105711,0,0,0,0.519644280429332,0,0,0,0,0,0,0,0,0.366880347663175,0,0,0,0,0,0,-0.278967712754025,0,0,0,0,0,0,0,0,0,0,0,0,0.409158133878941,0,0,0,0,0,0,0.302866493870468,0,0,0,0,0,0,0,0,0,0,0,0,0.346861826569791,0,0,0,0,0,0,0.270181403277075,0,0,0,0.0605434123835195,0,0,0,0,0,0,0,0,-0.380933618063144,0,0,0,0,0,0,0.145343233276466,0,0,0,0,0,0,0,0,0,0,0,0,-0.205587232896731,0,0,0,0,0,0,0.256093476193858,0,0,0,0.520503130110491,0,0,0,0,0,0,0,0,0.302234526931276,0,0,0,0,0,0,-0.308944744678762,0,0,0,-0.417358729198435,0,0,0,0,0,0,0,0,0.355920555880317,0,0,0,0,0,0,-0.302772996703275,0,0,0,0.053162470668155,0,0,0,0,0,0,0,0,0.24398330283196,0,0,0,0,0,0,0.313188495522498,0,0,0,0.41390217982924,0,0,0,0,0,0,0,0,-0.388451073418305,0,0,0,0,0,0,-0.27028504469621,0,0,0,-0.51440975426254,0,0,0,0,0,0,0,0,-0.344764472042571,0,0,0,0,0,0,-0.285366594469286,0,0,0,-0.400776632158199,0,0,0,0,0,0,0,0,0.288137690954439,0,0,0,0,0,0,0.341612026056086,0,0,0,-0.30873072226431,0,0,0,0,0,0,0,0,-0.303924989700702,0,0,0,0,0,0,0.310044719816412,0,0,0,0.339739838796644,0,0,0,0,0,0,0,0,0.307632702104381,0,0,0,0,0,0,0.214001243334225,0,0,0,0.235476748858966,0,0,0,0,0,0,0,0,-0.243093199103992,0,0,0,0,0,0,0.123883453876481,0,0,0,0.403438314737974,0,0,0,0,0,0,0,0,-0.271258964013615,0,0,0,0,0,0,-0.353384659943913,0,0,0,-0.2930534582068,0,0,0,0,0,0,0,0,-0.367059126866911,0,0,0,0,0,0,-0.396998305043996,0,0,0,0.154505841101287,0,0,0,0,0,0,0,0,-0.36414087310402,0,0,0,0,0,0,-0.28795573234358,0,0,0,0.179991601184947,0,0,0,0,0,0,0,0,-0.362647995322769,0,0,0,0,0,0,0.321157235697666,0,0,0,-0.562096799734416,0,0,0,0,0,0,0,0,0.491403152807863,0,0,0,0,0,0,-0.401894196112456,0,0,0,-0.330112545638133,0,0,0,0,0,0,0,0,0.410980209311321,0,0,0,0,0,0,0.361373144019128,0,0,0,0.467871573402943,0,0,0,0,0,0,0,0,-0.324578102550716,0,0,0,0,0,0,0.287519937520324,0,0,0,0.11601513279267,0,0,0,0,0,0,0,0,0.272914929956622,0,0,0,0,0,0,-0.366194192022207,0,0,0,-0.211595363935048,0,0,0,0,0,0,0,0,0.325745629168851,0,0,0,0,0,0,0.38847705175571,0,0,0,0.304197540150236,0,0,0,0,0,0,0,0,-0.360220584640973,0,0,0,0,0,0,-0.393069038564738,0,0,0,0.12422582306144,0,0,0,0,0,0,0,0,0.357644034208808,0,0,0,0,0,0,-0.240169233664216,0,0,0,0.085920512501762,0,0,0,0,0,0,0,0,-0.483709555658097,0,0,0,0,0,0,-0.304163760225996,0,0,0,-0.514290425048896,0,0,0,0,0,0,0,0,-0.355758494197922,0,0,0,0,0,0,-0.284702429015484,0,0,0,0.108929390732761,0,0,0,0,0,0,0,0,0.33337069992526,0,0,0,0,0,0,-0.202246506315785,0,0,0,0.379602238988281,0,0,0,0,0,0,0,0,0.255113528077172,0,0,0,0,0,0,0.310857528605249,0,0,0,0.0456310339508912,0,0,0,0,0,0,0,0,-0.320670342725327,0,0,0,0,0,0,-0.462413285340131,0,0,0,0.0966128820536383,0,0,0,0,0,0,0,0,0.281010033358462,0,0,0,0,0,0,0.409758006791091,0,0,0,0.117034448915365,0,0,0,0,0,0,0,0,0.428058566501429,0,0,0,0,0,0,-0.300256032384517,0,0,0,0.447847305109662,0,0,0,0,0,0,0,0,0.291046527391844,0,0,0,0,0,0,-0.353395781764125,0,0,0,0,0,0,0,0,0,0,0,0,0.328784146485247,0,0,0,0,0,0,0.260406598914631,0,0,0,0.509082946033546,0,0,0,0,0,0,0,0,0.30584450439223,0,0,0,0,0,0,-0.266970604889902,0,0,0,0.236693612910347,0,0,0,0,0,0,0,0,0.352866981477041,0,0,0,0,0,0,0.121700522131805,0,0,0,-0.305008149015295,0,0,0,0,0,0,0,0,0.252839829471211,0,0,0,0,0,0,0.28953045205418,0,0,0,0.147145969513631,0,0,0,0,0,0,0,0,-0.368032728744634,0,0,0,0,0,0,0.317928812647922,0,0,0,0.535082297208276,0,0,0,0,0,0,0,0,0.432246072910978,0,0,0,0,0,0,0.219629071628029,0,0,0,0,0,0,0,0,0,0,0,0,-0.293499182868092,0,0,0,0,0,0,-0.308827041269674,0,0,0,-0.573691394731857,0,0,0,0,0,0,0,0,-0.302194331256623,0,0,0,0,0,0,0.32403341698807,0,0,0,-0.149048515440495,0,0,0,0,0,0,0,0,0.353486700282113,0,0,0,0,0,0,0.221796965838701,0,0,0,0.225328871942984,0,0,0,0,0,0,0,0,-0.339768132631452,0,0,0,0,0,0,-0.288253713228902,0,0,0,-0.458929035318797,0,0,0,0,0,0,0,0,-0.275757409890591,0,0,0,0,0,0,0.340841323022491,0,0,0,-0.441616382660887,0,0,0,0,0,0,0,0,0.419942574300972,0,0,0,0,0,0,0.38909983892047,0,0,0,0.405300789712576,0,0,0,0,0,0,0,0,-0.361708740752055,0,0,0,0,0,0,-0.29047966988382,0,0,0,0.520282093034959,0,0,0,0,0,0,0,0,-0.390866112930287,0,0,0,0,0,0,-0.403062240432233,0,0,0,0.0725547807277131,0,0,0,0,0,0,0,0,-0.469191930135464,0,0,0,0,0,0,-0.338477309606617,0,0,0,-0.0809470961961083,0,0,0,0,0,0,0,0,0.356997019281215,0,0,0,0,0,0,-0.254679158172336,0,0,0,0.0332229327967627,0,0,0,0,0,0,0,0,0.194057832064645,0,0,0
"9",0,0,0,0,0,0,0,0,0.178481650632918,0,0,0,0,0,0.440278782652873,0,0,0,0,0,0,0,0,0,0,0,0,0,-0.434867045251025,0,0,0,0,0,0.295648227479416,0,0,0,0,0,0,0,0,0,0,0,0,0,0.0534710531014112,0,0,0,0,0,0.29015900175742,0,0,0,0,0,0,0,0,0,0,0,0,0,-0.219553809699402,0,0,0,0,0,0.345415542517728,0,0,0,0,0,0,0,0,0,0,0,0,0,0.272385475909503,0,0,0,0,0,0.37817297936873,0,0,0,0,0,0,0,0,0,0,0,0,0,0.0244883923269689,0,0,0,0,0,0.356689373126655,0,0,0,0,0,0,0,0,0,0,0,0,0,0.299036451293394,0,0,0,0,0,0.239825307762244,0,0,0,0,0,0,0,0,0,0,0,0,0.0604161817215607,0.0877634676629932,0,0,0,0,0,-0.364624666057116,0,0,0,0,0,0,0,0,0,0,0,0,0,-0.480922924281304,0,0,0,0,0,-0.252277839514108,0,0,0,0,0,0,0,0,0,0,0,0,0,-0.179454766896346,0,0,0,0,0,-0.169701778217963,0,0,0,0,0,0,0,0,0,0,0,0,0,-0.474910661511373,0,0,0,0,0,0.367346578157074,0,0,0,0,0,0,0,0,0,0,0,0,0,-0.294836902766406,0,0,0,0,0,0.285690455581349,0,0,0,0,0,0,0,0,0,0,0,0,0,-0.0395215319523214,0,0,0,0,0,-0.327174319815691,0,0,0,0,0,0,0,0,0,0,0,0,-0.0219310798355469,0,0,0,0,0,0,-0.310759020751482,0,0,0,0,0,0,0,0,0,0,0,0,0,0.52077345534901,0,0,0,0,0,-0.213673583396228,0,0,0,0,0,0,0,0,0,0,0,0,0,0.223934650088148,0,0,0,0,0,-0.378537734169972,0,0,0,0,0,0,0,0,0,0,0,0,0.0200068064676392,0.195325749621053,0,0,0,0,0,0.363230222346924,0,0,0,0,0,0,0,0,0,0,0,0,0.0252942029129947,0.0370664011748102,0,0,0,0,0,0.248743659865547,0,0,0,0,0,0,0,0,0,0,0,0,0,0.26148762847442,0,0,0,0,0,0.301767836379083,0,0,0,0,0,0,0,0,0,0,0,0,0,0.413470179973072,0,0,0,0,0,0.385264795829329,0,0,0,0,0,0,0,0,0,0,0,0,0,0.0873816779682652,0,0,0,0,0,-0.414234486437214,0,0,0,0,0,0,0,0,0,0,0,0,0,0.520049882247891,0,0,0,0,0,0.340943361814985,0,0,0,0,0,0,0,0,0,0,0,0,0,-0.0597616157518568,0,0,0,0,0,-0.274983204981389,0,0,0,0,0,0,0,0,0,0,0,0,0,0.0213466837783179,0,0,0,0,0,0.338931988058195,0,0,0,0,0,0,0,0,0,0,0,0,0,0,0,0,0,0,0,-0.294157620489504,0,0,0,0,0,0,0,0,0,0,0,0,0,-0.408661009946878,0,0,0,0,0,0.272785613228273,0,0,0,0,0,0,0,0,0,0,0,0,0,0.276724026444668,0,0,0,0,0,0.41106097233561,0,0,0,0,0,0,0,0,0,0,0,0,0,-0.496481616629452,0,0,0,0,0,0.142012028316804,0,0,0,0,0,0,0,0,0,0,0,0,0,0.220795141371618,0,0,0,0,0,0.365906277101912,0,0,0,0,0,0,0,0,0,0,0,0,0,-0.107242400958717,0,0,0,0,0,-0.286177620124847,0,0,0,0,0,0,0,0,0,0,0,0,0,-0.556268700284994,0,0,0,0,0,0.268909934091144,0,0,0,0,0,0,0,0,0,0,0,0,0.0224597455153048,-0.496652180114781,0,0,0,0,0,-0.365176815964815,0,0,0,0,0,0,0,0,0,0,0,0,0,-0.399922235301335,0,0,0,0,0,0.37010066960213,0,0,0,0,0,0,0,0,0,0,0,0,0,-0.302022863897559,0,0,0,0,0,-0.335880796509026,0,0,0,0,0,0,0,0,0,0,0,0,0,0.134851240183972,0,0,0,0,0,-0.375545214263428,0,0,0,0,0,0,0,0,0,0,0,0,0,0.155651821769348,0,0,0,0,0,-0.343358654146337,0,0,0,0,0,0,0,0,0,0,0,0,0,0.141290810778973,0,0,0,0,0,0.317614595332468,0,0,0,0,0,0,0,0,0,0,0,0,0,0.289350362537978,0,0,0,0,0,-0.33003768372521,0,0,0,0,0,0,0,0,0,0,0,0,0,0.0403428718422904,0,0,0,0,0,0.370561848643394,0,0,0,0,0,0,0,0,0,0,0,0,0,0.231126311892908,0,0,0,0,0,-0.355509941680342,0,0,0,0,0,0,0,0,0,0,0,0,0,0.358987182169509,0,0,0,0,0,0.283681542582944,0,0,0,0,0,0,0,0,0,0,0,0,0,-0.0528054137897783,0,0,0,0,0,-0.379929887909503,0,0,0,0,0,0,0,0,0,0,0,0,0,0.464401325664554,0,0,0,0,0,0.299444960160098,0,0,0,0,0,0,0,0,0,0,0,0,0,-0.254605787515075,0,0,0,0,0,-0.321382467810945,0,0,0,0,0,0,0,0,0,0,0,0,0,-0.118293525631063,0,0,0,0,0,-0.365879564601856,0,0,0,0,0,0,0,0,0,0,0,0,0,-0.543682750882962,0,0,0,0,0,0.389030675790083,0,0,0,0,0,0,0,0,0,0,0,0,0,0.108146304843013,0,0,0,0,0,-0.38176558045421,0,0,0,0,0,0,0,0,0,0,0,0,0,-0.289498023576061,0,0,0,0,0,-0.183242800913468,0,0,0,0,0,0,0,0,0,0,0,0,-0.0808773908128796,-0.573489829916473,0,0,0,0,0,0.396919799976034,0,0,0,0,0,0,0,0,0,0,0,0,0,-0.0285105672560941,0,0,0,0,0,-0.390862982549894,0,0,0,0,0
"10",0,0,0,0,0,0,0,0,0,-0.325782007417043,0,0,0,0,0.362655254062683,0,0,0,0,0,0,0,0,0,0,0,0,0,0,-0.439430204753345,0,0,0,0,0.307939750732573,0,0,0,0,0,0,0,0,0,0,0,0,0,0,0.329751160086167,0,0,0,0,-0.231947543591898,0,0,0,0,0,0,0,0,0,0,0,0,0,0,-0.562018299168419,0,0,0,0,-0.238070886754963,0,0,0,0,0,0,0.0230947557448591,0,0,0,0,0,0,0,-0.146197059990526,0,0,0,0,0.27543732949826,0,0,0,0,0,0,0,0,0,0,0,0,0,0,0.374584363232963,0,0,0,0,0.338258154711976,0,0,0,0,0,0,0,0,0,0,0,0,0,0,0.435067760826015,0,0,0,0,-0.196227365529474,0,0,0,0,0,0,0,0,0,0,0,0,0,0,0.322826849996641,0,0,0,0,-0.342444940062691,0,0,0,0,0,-0.0591910112780815,0,0,0,0,0,0,0,0,-0.373361957954621,0,0,0,0,-0.346053792209928,0,0,0,0,0,0,0,0,0,0,0,0,0,0,-0.333073134106849,0,0,0,0,0.392479161222777,0,0,0,0,0,0,0,0,0,0,0,0,0,0,0.394916587331442,0,0,0,0,0.218009954682783,0,0,0,0,0,0,0,0,0,0,0,0,0,0,0.0687427487013289,0,0,0,0,-0.322832782016827,0,0,0,0,0,0,0,0,0,0,0,0,0,0,0,0,0,0,0,0.369173033700808,0,0,0,0,0,0,0,0,0,0,0,0,0,0,-0.271365968960999,0,0,0,0,0.326551209912831,0,0,0,0,0,0,0,0,0,0,0,0,0,0,-0.550425018346771,0,0,0,0,0.231330171934874,0,0,0,0,0,0,0,0,0,0,0,0,0,0,0.167727428332935,0,0,0,0,-0.338022597411058,0,0,0,0,0,0,0,0,0,0,0,0,0,0,-0.34351064543616,0,0,0,0,0.262190743377885,0,0,0,0,0,0,0,0,0,0,0,0,0,0,0.07412602654576,0,0,0,0,-0.331180413978712,0,0,0,0,0,0,0,0,0,0,0,0,0,0,-0.193228322428022,0,0,0,0,-0.255143142759222,0,0,0,0,0,0,0,0,0,0,0,0,0,0,0,0,0,0,0,0.328328233784706,0,0,0,0,0,0,0,0,0,0,0,0,0,0,0.251030010651787,0,0,0,0,0.309785205496911,0,0,0,0,0,0,-0.0644881869695405,0,0,0,0,0,0,0,-0.170048397165289,0,0,0,0,-0.435606170975521,0,0,0,0,0,0,0,0,0,0,0,0,0,0,-0.357586090208323,0,0,0,0,0.211023897463896,0,0,0,0,0,0,0,0,0,0,0,0,0,0,-0.248809740964901,0,0,0,0,-0.320797060440473,0,0,0,0,0,0,0.0452288757152163,0,0,0,0,0,0,0,-0.0612078549805732,0,0,0,0,-0.230355958342329,0,0,0,0,0,0,0,0,0,0,0,0,0,0,0.333068085069851,0,0,0,0,-0.193592043167292,0,0,0,0,0,0,0,0,0,0,0,0,0,0,0.191727043114445,0,0,0,0,-0.212491773564393,0,0,0,0,0,0,0,0,0,0,0,0,0,0,-0.355729840087242,0,0,0,0,0.284058463799608,0,0,0,0,0,0,0,0,0,0,0,0,0,0,-0.109948123015962,0,0,0,0,-0.266781477342294,0,0,0,0,0,0,0,0,0,0,0,0,0,0,0.462580076176622,0,0,0,0,-0.3033424535799,0,0,0,0,0,0,0,0,0,0,0,0,0,0,-0.362226712100353,0,0,0,0,-0.301391369494197,0,0,0,0,0,0,0,0,0,0,0,0,0,0,-0.334554763802189,0,0,0,0,-0.316426205615576,0,0,0,0,0,0,0,0,0,0,0,0,0,0,0.113618157531182,0,0,0,0,-0.181854098423735,0,0,0,0,0,0,0,0,0,0,0,0,0,0,0.326243006944004,0,0,0,0,-0.23507029149402,0,0,0,0,0,0,0,0,0,0,0,0,0,0,-0.464145293688996,0,0,0,0,-0.319223857036588,0,0,0,0,0,0,0,0,0,0,0,0,0,0,0.414516949905955,0,0,0,0,0.31896798837819,0,0,0,0,0,0,0.0224870817552088,0,0,0,0,0,0,0,-0.0601785857938109,0,0,0,0,0.325162751138441,0,0,0,0,0,0,0,0,0,0,0,0,0,0,-0.480978538503625,0,0,0,0,-0.38415616718756,0,0,0,0,0,0,0,0,0,0,0,0,0,0,-0.473437361448091,0,0,0,0,-0.329480263943616,0,0,0,0,0,0,0,0,0,0,0,0,0,0,-0.121446091904791,0,0,0,0,-0.274289333935324,0,0,0,0,0,0.0210982732477041,0,0,0,0,0,0,0,0,0.107927301110323,0,0,0,0,-0.249767149688146,0,0,0,0,0,0,0,0,0,0,0,0,0,0,0.072529184125581,0,0,0,0,0.360181662510139,0,0,0,0,0,0,0,0,0,0,0,0,0,0,-0.191051844920909,0,0,0,0,0.340503580425604,0,0,0,0,0,0,0,0,0,0,0,0,0,0,0.141723756710113,0,0,0,0,-0.30299332688994,0,0,0,0,0,0,0,0,0,0,0,0,0,0,-0.459854000194498,0,0,0,0,0.177948483017961,0,0,0,0,0,0,0,0,0,0,0,0,0,0,0.422432244930296,0,0,0,0,0.359100705875009,0,0,0,0,0,0,0,0,0,0,0,0,0,0,0,0,0,0,0,-0.393783830611237,0,0,0,0,0,0,0,0,0,0,0,0,0,0,-0.374226500634271,0,0,0,0,0.336226199820809,0,0,0,0,0,0,0,0,0,0,0,0,0,0,-0.170523648876124,0,0,0,0,0.354222702706625,0,0,0,0,0,0,0,0,0,0,0,0,0,0,-0.143637408778142,0,0,0,0,0.331427971506529,0,0,0,0,0
"11",0,0,0,0,0.284197463259458,-0.315224758851609,0,0,0.306824882025042,0,-0.210088130062939,0,0,0,0,0,0,0,0,0,0,0,0,0,-0.311064046149619,-0.285499128523346,0,0,-0.3740630686159,0,0.407637925280956,0,0,0,0,0,0,0,0,0,0,0,0,0,-0.282948103845541,0.21994251985983,0,0,-0.338010099026099,0,0.0575052959171887,0,0,0,0,0,0,0,0,0,0,0,0,0,-0.245246499477559,0.309513428041552,0,0,-0.448647223271987,0,0.231972284617863,0,0,0,0,0,0,0,0,0,0,0,0,0,-0.338161779984618,-0.298340309102101,0,0,-0.22954900248219,0,-0.290427656553556,0,0,0,0,0,0,0,0,0,0,0,0,0,0.259157993411385,-0.252513823876929,0,0,-0.335460385127899,0,-0.372647752965502,0,0,0,0,0,0,0,0,0,0,0,0,0,0.278225792474559,0.362828681259584,0,0,-0.372272452736501,0,0,0,0,0,0,0,0,-0.0205772721229181,0,0,0,0,0,0,0.318783789886023,-0.316987652382669,0,0,0.330119821324713,0,-0.287636030802177,0,0,0,0,0,0,0,0,0,0,0,0,0,0.224468995950131,0.362767850240787,0,0,0.33990226633789,0,0,0,0,0,0,0,0,0.061490726575789,0,0,0,0,0,0,-0.410957862727294,0.248196308746423,0,0,-0.361793601930358,0,-0.607623101818766,0,0,0,0,0,0,0,0,0,0,0,0,0,0.278743839390732,0.302921211593947,0,0,0.314679799571644,0,-0.455173546310946,0,0,0,0,0,0,0,0,0,0,0,0,0,-0.265803648763448,0.339656084705533,0,0,0.300001940322412,0,0.54040060978891,0,0,0,0,0,0,0,0,0,0,0,0,0,-0.362754076334792,0.319121963361694,0,0,-0.244025233761127,0,0.54920896565822,0,0,0,0,0,0,0,0,0,0,0,0,0,-0.34157553305174,0.275753750969005,0,0,-0.299340360513954,0,0.242542053376158,0,0,0,0,0,0,0,0,0,0,0,0,0,0.379383576529756,-0.171225713704229,0,0,0.278766422722335,0,-0.58240806429908,0,0,0,0,0,0,0,0,0,0,0,0,0,-0.289572783125443,0.27021743525804,0,0,0.240317403281167,0,0.317443605134525,0,0,0,0,0,0,0,0,0,0,0,0,0,-0.287053221398232,0.314985971342964,0,0,0.346306737048727,0,0.441519661427307,0,0,0,0,0,0,0.03750724659757,0,0,0,0,0,0,-0.356001668074801,-0.275663717977923,0,0,-0.415887716881513,0,0.348783201165423,0,0,0,0,0,0,0,0,0,0,0,0,0,-0.250819946936778,0.177805951940876,0,0,0.379492737408994,0,-0.59590109134339,0,0,0,0,0,0,0,0,0,0,0,0,0,-0.371688372985369,0.25077716747806,0,0,-0.344933688436375,0,0.186585229309462,0,0,0,0,0,0,0,0,0,0,0,0,0,0.134278108778805,-0.274164720335574,0,0,0.322135924843928,0,0.0737525841866407,0,0,0,0,0,0,0.0270574406624617,0,0,0,0,0,0,-0.328486164226407,-0.311482889411535,0,0,0.333144179561583,0,-0.30471989602654,0,0,0,0,0,0,0,0,0,0,0,0,0,-0.270245193086744,-0.233472978291489,0,0,0.314048694786018,0,-0.267373721478808,0,0,0,0,0,0,0,0,0,0,0,0,0,0.341956053123172,-0.287039376623037,0,0,-0.411463796810045,0,-0.571773344213665,0,0,0,0,0,0,0,0,0,0,0,0,0,0.264412563318135,-0.246439076862322,0,0,0.398341660880186,0,-0.331545844341677,0,0,0,0,0,0,0,0,0,0,0,0,0,0.318286736449864,-0.30209107470631,0,0,-0.258968881171179,0,0.563796923373662,0,0,0,0,0,0,0,0,0,0,0,0,0,-0.261235742013412,0.27226953699473,0,0,0.381787314083427,0,0,0,0,0,0,0,0,0,0,0,0,0,0,0,0.3865905268173,0.258444757182321,0,0,-0.317843745692321,0,-0.544862761332004,0,0,0,0,0,0,0,0,0,0,0,0,0,-0.18548781528269,-0.257757282246995,0,0,-0.417420371408583,0,0.0531676601915164,0,0,0,0,0,0,0,0,0,0,0,0,0,0.352984281242075,-0.259380060341761,0,0,-0.210797089563241,0,0.0970998096313422,0,0,0,0,0,0,0,0,0,0,0,0,0,-0.125767607442274,-0.196126490502685,0,0,0.215780111041543,0,0.452891937976772,0,0,0,0,0,0,0,0,0,0,0,0,0,-0.243147220356277,-0.245349116511217,0,0,0.311492881468162,0,0.402191659205616,0,0,0,0,0,0,0,0,0,0,0,0,0,0.314311998178831,0.344183088421484,0,0,-0.313597920000304,0,0.077991543534242,0,0,0,0,0,0,0.0824093634660718,0,0,0,0,0,0,-0.436034729966493,-0.213252799291357,0,0,-0.255024809338812,0,-0.595970045336354,0,0,0,0,0,0,0,0,0,0,0,0,0,-0.277794239836542,-0.350159064622902,0,0,0.368488192354014,0,-0.463226913090909,0,0,0,0,0,0,0,0,0,0,0,0,0,-0.186304396384717,-0.261296535705882,0,0,-0.265115683675672,0,0.352607977104566,0,0,0,0,0,0,0,0,0,0,0,0,0,0.230533088011245,-0.226430383549608,0,0,0.105483749080468,0,0.595625377580948,0,0,0,0,0,0,0,0,0,0,0,0,0,0.322435643616082,0.295872381210951,0,0,0.289987249284145,0,-0.335455217593338,0,0,0,0,0,0,0,0,0,0,0,0,0,0.290983665311154,0.298804442511693,0,0,0.335238445009844,0,0.377633162471179,0,0,0,0,0,0,0,0,0,0,0,0,0,0.259759641956925,-0.338938679718102,0,0,0.311597828397932,0,-0.517015746642037,0,0,0,0,0,0,-0.0307892428899004,0,0,0,0,0,0,-0.308142277002119,0.294010043700501,0,0,-0.292110805935894,0,-0.445935739777357,0,0,0,0,0,0,0,0,0,0,0,0,0,-0.232044692414783,-0.272265439196404,0,0,0.403335488071951,0,0.420386249977081,0,0,0,0,0,0,0,0,0,0,0,0,0,0.235937508443092,-0.223284896679051,0,0,-0.231756477608764,0,-0.149856177506856,0,0,0,0,0,0,0,0,0,0,0,0,0,0.289458595451765,0.183517992113719,0,0,-0.420062102841139,0,0.185972646326886,0,0,0,0,0,0,0,0,0,0,0,0,0,0.270831943149471,-0.370949052764953,0,0,0.257685904703339,0,0.324992641113776,0,0,0,0,0,0,0,0,0,0,0,0,0,-0.305554997212978,-0.183252555968976,0,0,0.314575710295571,0,0.470328186558359,0,0,0,0,0,0,0,0,0,0,0,0,0,-0.31375193168237,-0.306236256232508,0,0,-0.37069221885899,0,0.0916897678242382,0,0,0,0,0,0,0,0,0,0,0,0,0,0.250368548854139,-0.475072878848855,0,0,0.353850540162157,0,0.256288367181991,0,0,0,0,0,0,0,0,0,0,0,0,0,-0.299769841968377,-0.285129124523496,0,0,0.238389385728517,0,0.300137189235391,0,0,0,0,0,0,0,0,0,0,0,0,0,-0.37209827400985,-0.345521512151635,0,0,-0.376900646918792,0,0.477415629155884,0,0,0,0,0,0,0,0,0
"12",0,0,0,0.210177294433248,0,0,0,0,0,0,0.0244581075356033,0.0500145516225658,0,0,0,0,0.33473142250081,0,0,0,0,0,0,-0.239446752694055,0,0,0,0,0,0,0,-0.26013153950062,0,0,0,0,-0.295044891439722,0,0,0,0,0,0,0.259473640313987,0,0,0,0,0,0,0,0.112695926100996,0,0,0,0,0.234755023024857,0,0,0,0,0,0,-0.260584006327265,0,0,0,0,0,0,0,-0.0909156039215876,0,0,0,0,-0.330723408231095,0,0,0,0,0,0,0.421629333761827,0,0,0,0,0,0,0,0.396906425372584,0,0,0,0,0.41857658928095,0,0,0,0,0,0,-0.269011321941671,0,0,0,0,0,0,0,0.0268891573804841,0,0,0,0,-0.296732476223227,0,0,0,0,0,0,0.381366424740344,0,0,0,0,0,0,0,0.325102041451762,0,0,0,0,0.306653055019943,0,0,0,0,0,0,-0.315132660113577,0,0,0,0,0,0,0,-0.0840215320034968,0,0,0,0,0.2148520068622,0,0,0,0,0,0,-0.347211618991703,0,0,0,0,0,0,0,-0.388782492119954,0,0,0,0,-0.304481715593359,0,0,0,0,0,0,-0.241717748491888,0,0,0,0,0,0,0,0.201264862812019,0,0,0,0,0.398461651776002,0,0,0,0,0,0,0.236155531468785,0,0,0,0,0,0,0,-0.359930287430011,0,0,0,0,-0.174339255049128,0,0,0,0,0,0,-0.345035320774655,0,0,0,0,0,0,0,0.279998813554641,0,0,0,0,-0.373638861543103,0,0,0,0,0,0,-0.258102262637848,0,0,0,0,0,0,0,-0.435382744173743,0,0,0,0,-0.369861651492383,0,0,0,0,0,0,0.302153723164636,0,0,0,0,0,0,0,-0.383464869168864,0,0,0,0,-0.387269790903738,0,0,0,0,0,0,0.334568296871506,0,0,0,0,0,0,0,0,0,0,0,0,-0.249739140212602,0,0,0,0,0,0,-0.240740112842138,0,0,0,0,0,0,0,0,0,0,0,0,-0.364789131683233,0,0,0,0,0,0,-0.480009830899213,0,0,0,0,0,0,0,-0.0814810230862503,0,0,0,0,-0.391260383878881,0,0,0,0,0,0,0.267766205918207,0,0,0,0,0,0,0,0.194821619810469,0,0,0,0,-0.238265279466453,0,0,0,0,0,0,0.272673623236197,0,0,0,0,0,0,0,-0.116007151402446,0,0,0,0,-0.283517754800168,0,0,0,0,0,0,-0.190511622199525,0,0,0,0,0,0,0,-0.172487772006419,0,0,0,0,-0.330155586269018,0,0,0,0,0,0,-0.247114730172336,0,0,0,0,0,0,0,0.0946652982934584,0,0,0,0,0.240597684148857,0,0,0,0,0,0,0.270742363952857,0,0,0,0,0,0,0,0.29704232867907,0,0,0,0,-0.380275192234102,0,0,0,0,0,0,0.263709883845028,0,0,0,0,0,0,0,-0.0839770090316464,0,0,0,0,0.34748553589795,0,0,0,0,0,0,-0.272557236100359,0,0,0,0,0,0,0,-0.297805210448354,0,0,0,0,0.310876051929204,0,0,0,0,0,0,-0.315627749226487,0,0,0,0,0,0,0,-0.0293080696298198,0,0,0,0,-0.200903372794012,0,0,0,0,0,0,0.251316797603909,0,0,0,0,0,0,0,-0.122910067024622,0,0,0,0,-0.171967519371621,0,0,0,0,0,0,-0.381898700361935,0,0,0,0,0,0,0,-0.290465313615154,0,0,0,0,0.411853750769889,0,0,0,0,0,0,-0.284983761518631,0,0,0,0,0,0,0,0.0500406993572961,0,0,0,0,0.313928795658656,0,0,0,0,0,0,0.258947123244795,0,0,0,0,0,0,0,-0.298005217053514,0,0,0,0,-0.262367760213793,0,0,0,0,0,0,0.275188405328861,0,0,0,0,0,0,0,0.286894641829275,0,0,0,0,-0.256366834632299,0,0,0,0,0,0,-0.394927092877645,0,0,0,0,0,0,0,-0.173806498315984,0,0,0,0,0.269774241756411,0,0,0,0,0,0,-0.343943034339083,0,0,0,0,0,0,0,0.424579141409346,0,0,0,0,-0.366895645468248,0,0,0,0,0,0,-0.325793430681194,0,0,0,0,0,0,0,-0.201870239117119,0,0,0,0,0.331698791431384,0,0,0,0,0,0,0.293748695669773,0,0,0,0,0,0,0,0.105956669677633,0,0,0,0,-0.29928239096517,0,0,0,0,0,0,-0.233668559971064,0,0,0,0,0,0,0,0,0,0,0,0,0.325865887030337,0,0,0,0,0,0,0.274945500237908,0,0,0,0,0,0,0,-0.27192098993555,0,0,0,0,-0.452238280704267,0,0,0,0,0,0,0.386432125312917,0,0,0,0,0,0,0,-0.202709974530804,0,0,0,0,-0.252535363024645,0,0,0,0,0,0,0.15807459782085,0,0,0,0,0,0,0,0.349136829574708,0,0,0,0,-0.253757140670625,0,0,0,0,0,0,-0.292958850473847,0,0,0,0,0,0,0,0,0,0,0,0,0.345282046114055,0,0,0,0,0,0,0.286577860217927,0,0,0,0,0,0,0,0.0778635875658507,0,0,0,0,-0.173091763592961,0,0,0,0,0,0,0.223955537264916,0,0,0,0,0,0,0,-0.243416138443725,0,0,0,0,-0.305402479343633,0,0,0,0,0,0,-0.292815835350792,0,0,0,0,0,0,0,0.294219617073834,0,0,0,0,-0.284387326248216,0,0,0,0,0,0,-0.259656743359823,0,0,0,0,0,0,0,-0.434467298150503,0,0,0,0,0.3647224548894,0,0,0,0,0,0,-0.296021178578829,0,0,0,0,0,0,0,0.319919998049672,0,0,0,0,-0.292320803642217,0,0,0,0,0,0,0.343888876349322,0,0,0,0,0,0,0,-0.308084696204549,0,0,0,0,-0.302146946582341,0,0,0,0,0,0,-0.250620451664739,0,0,0,0,0,0,0,-0.151937906104504,0,0,0,0,0.376726202598676,0,0,0,0,0,0,-0.298727279123109,0,0,0,0,0,0,0,0.27630463178561,0,0,0,0,0.266171703561854,0,0,0,0,0,0,0.327727977303002,0,0,0,0,0,0,0,-0.336868083408326,0,0,0,0,0.454946830099399,0,0,0,0,0,0,0.242493425827403,0,0,0,0,0,0,0,-0.0231680460522994,0,0,0,0,0.301959688906356,0,0,0,0,0,0,0.257282464714104,0,0,0,0,0,0,0,-0.24324556041075,0,0,0,0,-0.161892803601264,0,0,0
"13",0,0,0,0,0,0,0.423551439807192,0,0,0,0,0,0.478961530534987,0,0,0,0,0,0,0,0,0,0,0,0,0,0.21751528432377,0,0,0,0,0,-0.378949322534256,0,0,0,0,0,0,0,0,0,0,0,0,0,0.252362052070486,0,0,0,0,0,0.260143549953684,0,0,0,0,0,0,0,0,0,0,0,0,0,0.360304161631303,0,0,0,0,0,-0.40136152828743,0,0,0,0,0,0,0,0,0,0,0,0,0,0.196146595434581,0,0,0,0,0,-0.113496459689011,0,0,0,0,0,0,0,0,0,0,0,0,0,0.189527163333062,0,0,0,0,0,0.0925561657419854,0,0,0,0,0,0,0,0,0,0,0,0,0,-0.333842535604188,0,0,0,0,0,-0.0725421091695158,0,0,0,0,0,0,0,0,0,0,0,0,0,-0.157289248634773,0,0,0,0,0,-0.462926199502478,0,0,0,0,0,0,0,0,0,0,0,0,0,-0.221076877724404,0,0,0,0,0,0.436880762541859,0,0,0,0,0,0,0,0,0,0,0,0,0,0.205466618777286,0,0,0,0,0,-0.15769447493296,0,0,0,0,0,0,0,0,0,0,0,0,0,0.297786741925765,0,0,0,0,0,-0.118361275671487,0,0,0,0,0,0,0,0,0,0,0,0,0,-0.303887009873203,0,0,0,0,0,0.279025178020418,0,0,0,0,0,0,0,0,0,0,0,0,0,0.330598311865603,0,0,0,0,0,-0.298697092670992,0,0,0,0,0,0,0,0,0,0,0,0,0,0.343802415651473,0,0,0,0,0,0.0945678320741899,0,0,0,0,0,0,0,0,0,0,0,0,0,0.269814210921325,0,0,0,0,0,0.409998959512848,0,0,0,0,0,0,0,0,0,0,0,0,0,-0.311558432417531,0,0,0,0,0,-0.200678439446304,0,0,0,0,0,0,0,0,0,0,0,0,0,0.240444380971622,0,0,0,0,0,-0.433011080713254,0,0,0,0,0,0,0,0,0,0,0,0,0,-0.259137262748815,0,0,0,0,0,0.0208884646577788,0,0,0,0,0,0,0,0.0701487487103413,0,0,0,0,0,0.344366972519335,0,0,0,0,0,-0.108492534526309,0,0,0,0,0,0,0,0,0,0,0,0,0,0.297680436712574,0,0,0,0,0,-0.0755530801405945,0,0,0,0,0,0,0,-0.0217371546928776,0,0,0,0,0,-0.227036017710735,0,0,0,0,0,0.478480136049387,0,0,0,0,0,0,0,0,0,0,0,0,0,0.366879698196337,0,0,0,0,0,0.446133165386641,0,0,0,0,0,0,0,0,0,0,0,0,0,0.308105754548439,0,0,0,0,0,-0.264852275666959,0,0,0,0,0,0,0,0,0,0,0,0,0,0.411195324975461,0,0,0,0,0,-0.361147902695966,0,0,0,0,0,0,0,0,0,0,0,0,0,0.353643937497668,0,0,0,0,0,0.132918909885693,0,0,0,0,0,0,0,0,0,0,0,0,0,-0.283100094464419,0,0,0,0,0,0.307970354084608,0,0,0,0,0,0,0,-0.0241307329294757,0,0,0,0,0,0.258693659913272,0,0,0,0,0,-0.326911966645503,0,0,0,0,0,0,0,0,0,0,0,0,0,0.332599211356185,0,0,0,0,0,-0.294654483116068,0,0,0,0,0,0,0,0,0,0,0,0,0,-0.291591193781864,0,0,0,0,0,-0.459758076686562,0,0,0,0,0,0,0,0,0,0,0,0,0,-0.239325748457527,0,0,0,0,0,-0.227711481219951,0,0,0,0,0,0,0,0,0,0,0,0,0,0.23974684665323,0,0,0,0,0,-0.0495484350333291,0,0,0,0,0,0,0,0,0,0,0,0,0,0.314849064507038,0,0,0,0,0,0.38375663393615,0,0,0,0,0,0,0,0,0,0,0,0,0,0.366359419323747,0,0,0,0,0,0.223849623393933,0,0,0,0,0,0,0,0.0229491592878419,0,0,0,0,0,-0.254404918681314,0,0,0,0,0,0.323861222757418,0,0,0,0,0,0,0,0,0,0,0,0,0,-0.236717129834016,0,0,0,0,0,0.396679214656268,0,0,0,0,0,0,0,0,0,0,0,0,0,-0.376883703459354,0,0,0,0,0,0.0412272343855074,0,0,0,0,0,0,0,0,0,0,0,0,0,-0.246416287179475,0,0,0,0,0,0.0328326922164619,0,0,0,0,0,0,0,0.0356100927037497,0,0,0,0,0,-0.267699493078164,0,0,0,0,0,0.536077679815813,0,0,0,0,0,0,0,0,0,0,0,0,0,-0.230142877417316,0,0,0,0,0,-0.0820255851499896,0,0,0,0,0,0,0,-0.0279848559212918,0,0,0,0,0,-0.195376969805967,0,0,0,0,0,0.343658231758235,0,0,0,0,0,0,0,0,0,0,0,0,0,0.301617905482781,0,0,0,0,0,0.100002640961241,0,0,0,0,0,0,0,0,0,0,0,0,0,0.338360422697043,0,0,0,0,0,0.37912978615444,0,0,0,0,0,0,0,0,0,0,0,0,0,-0.281712223795989,0,0,0,0,0,0.053878375469677,0,0,0,0,0,0,0,-0.0552383703711445,0,0,0,0,0,-0.276945779422138,0,0,0,0,0,-0.157698366540824,0,0,0,0,0,0,0,0,0,0,0,0,0,-0.352916782142934,0,0,0,0,0,0.25354167940682,0,0,0,0,0,0,0,0,0,0,0,0,0,-0.187872403728931,0,0,0,0,0,0.520644893576727,0,0,0,0,0,0,0,0,0,0,0,0,0,0.28937136344133,0,0,0,0,0,-0.209627581323333,0,0,0,0,0,0,0,0,0,0,0,0,0,0.341295614449605,0,0,0,0,0,-0.104268412070394,0,0,0,0,0,0,0,0,0,0,0,0,0,-0.278075319435064,0,0,0,0,0,-0.133045423219322,0,0,0,0,0,0,0,0,0,0,0,0,0,-0.210589780135307,0,0,0,0,0,0.0212141683715882,0,0,0,0,0,0,0
"14",0,0,0,0,0,0,-0.26412308802014,-0.268647966996827,0,0,0,0,0,-0.318762774696641,0,0,0,0,0,0,0,0,0,0,0,0,-0.259474761746129,-0.292547805966252,0,0,0,0,0,-0.284455954484768,0,0,0,0,0,0,0,0,0,0,0,0,0.341870614428505,-0.28601824468116,0,0,0,0,0,-0.149733549717961,0,0,0,0,0,0,0,0,0,0,0,0,-0.319067790615806,0.245342504729826,0,0,0,0,0,0.175798639295323,0,0,0,0,0,0.023876324250907,0,0,0,0,0,0,0.252056127440014,0.183312148128076,0,0,0,0,0,-0.188957329259756,0,0,0,0,0,0,0,0,0,0,0,0,0.353405164894912,-0.22434173921514,0,0,0,0,0,-0.542045637402128,0,0,0,0,0,0,0,0,0,0,0,0,-0.437868724543673,0.193069165667849,0,0,0,0,0,0.469745298728011,0,0,0,0,0,-0.0453302353097769,0,0,0,0,0,0,-0.323631999808777,0.386606974487242,0,0,0,0,0,-0.415624636505742,0,0,0,0,0,0,0,0,0,0,0,0,-0.258976057866336,0.241857393822727,0,0,0,0,0,-0.454436605784346,0,0,0,0,0,0,0,0,0,0,0,0,-0.336062986345273,-0.257994310847227,0,0,0,0,0,-0.250859502837848,0,0,0,0,0,0,0,0,0,0,0,0,-0.312905360771317,-0.208544429654058,0,0,0,0,0,-0.145210121087703,0,0,0,0,0,0,0,0,0,0,0,0,0.233324515405886,0.3134331989079,0,0,0,0,0,-0.336211995708574,0,0,0,0,0,0,0,0,0,0,0,0,-0.167102804915868,-0.229019583411424,0,0,0,0,0,-0.0904539305576133,0,0,0,0,0,0,0,0,0,0,0,0,-0.258120678758484,-0.223129505630129,0,0,0,0,0,-0.281223706451739,0,0,0,0,0,0,0,0,0,0,0,0,-0.36437617238918,-0.207071410553715,0,0,0,0,0,0.397977902629916,0,0,0,0,0,0,0,0,0,0,0,0,0.277125241571537,-0.272647231437292,0,0,0,0,0,-0.174819865704426,0,0,0,0,0,0,0,0,0,0,0,0,-0.255848725456,-0.267527319892561,0,0,0,0,0,0.0634423693903156,0,0,0,0,0,0,0,0,0,0,0,0,0.392590051830936,0.309692910062654,0,0,0,0,0,-0.305449517000987,0,0,0,0,0,0,0,0,0,0,0,0,-0.33693273365048,0.202423267595671,0,0,0,0,0,0.329387619574524,0,0,0,0,0,0,0,0,0,0,0,0,0.330159051411172,-0.291722153293978,0,0,0,0,0,0.31610962800706,0,0,0,0,0,0,0,0,0,0,0,0,0.265381724115503,-0.357422526053691,0,0,0,0,0,0.277778105399739,0,0,0,0,0,0,0,0,0,0,0,0,-0.219449815951985,-0.282872603287919,0,0,0,0,0,0.444975878162172,0,0,0,0,0,0,0,0,0,0,0,0,-0.321516929892085,0.237883294928007,0,0,0,0,0,0.354183063759051,0,0,0,0,0,0,0,0,0,0,0,0,0.279128977535327,0.247937707280441,0,0,0,0,0,-0.371438574013231,0,0,0,0,0,0,0,0,0,0,0,0,0.350345054852629,-0.280279931780756,0,0,0,0,0,0.386162133079012,0,0,0,0,0,0,0,0,0,0,0,0,-0.308120854984939,0.272833145288409,0,0,0,0,0,-0.257027012335285,0,0,0,0,0,0,0,0,0,0,0,0,0.21222158298311,0.266252994300199,0,0,0,0,0,0.159663098086216,0,0,0,0,0,0,0,0,0,0,0,0,0.150152951501696,-0.388402381810966,0,0,0,0,0,0.316716823572641,0,0,0,0,0,0,0,0,0,0,0,0,-0.331350203985335,-0.412831432555606,0,0,0,0,0,0.299890566916981,0,0,0,0,0,0,0,0,0,0,0,0,0.283248940872008,0.249035534442363,0,0,0,0,0,-0.472593107641552,0,0,0,0,0,0,0,0,0,0,0,0,0.29209460021023,-0.299067409238283,0,0,0,0,0,0.100482058220312,0,0,0,0,0,0,0,0,0,0,0,0,-0.324312815802446,0.357968100076754,0,0,0,0,0,0.146956649043393,0,0,0,0,0,0,0,0,0,0,0,0,0.282909621020405,-0.342825321828015,0,0,0,0,0,-0.0620021493385455,0,0,0,0,0,0,0,0,0,0,0,0,-0.325040194518347,0.339059554918907,0,0,0,0,0,0.216527991861494,0,0,0,0,0,0,0,0,0,0,0,0,-0.338730282205967,0.23824283298723,0,0,0,0,0,-0.307480480145646,0,0,0,0,0,0,0,0,0,0,0,0,-0.308929925049302,-0.210583345506838,0,0,0,0,0,0.21054969468594,0,0,0,0,0,-0.0250059679968116,0,0,0,0,0,0,-0.338187607676988,-0.377238388586497,0,0,0,0,0,0.351847475489668,0,0,0,0,0,0,0,0,0,0,0,0,0.284853027238223,-0.272994035741734,0,0,0,0,0,0.364418007182423,0,0,0,0,0,0,0,0,0,0,0,0,-0.261877846293548,0.331599398677866,0,0,0,0,0,-0.0722875570306894,0,0,0,0,0,0,0,0,0,0,0,0,0.266249645690777,-0.299448686658629,0,0,0,0,0,0.394174271627237,0,0,0,0,0,0,0,0,0,0,0,0,-0.235362890308861,0.37465577457574,0,0,0,0,0,-0.2304332219187,0,0,0,0,0,-0.0265515593644052,0,0,0,0,0,0,-0.252659921944021,0.205021188734649,0,0,0,0,0,0.465166503516415,0,0,0,0,0,0,0,0,0,0,0,0,0.259718483386221,0.24358771240621,0,0,0,0,0,0.0249482186730179,0,0,0,0,0,0,0,0,0,0,0,0,0.387374374704296,-0.303007494889257,0,0,0,0,0,-0.205484229791806,0,0,0,0,0,0,0,0,0,0,0,0,0.225460513950737,-0.209003065799016,0,0,0,0,0,0.122807403198031,0,0,0,0,0,-0.0411269767397408,0,0,0,0,0,0,0.257616767656494,0.26774205154738,0,0,0,0,0,-0.14507463411229,0,0,0,0,0,0,0,0,0,0,0,0,-0.258726689041121,0.348305494644646,0,0,0,0,0,0.0240843062948446,0,0,0,0,0,0,0,0,0,0,0,0,0.405102045219768,0.300945039432064,0,0,0,0,0,-0.193200102289501,0,0,0,0,0,0,0,0,0,0,0,0,0.274433937518687,-0.332340251229802,0,0,0,0,0,0.226735828520641,0,0,0,0,0,0,0,0,0,0,0,0,-0.170273377573038,-0.191822832820455,0,0,0,0,0,0.209214881944679,0,0,0,0,0,0
"15",0,0,0,0,-0.299627170586325,0.321111136286342,-0.199969884346612,0,0,0,0,0,0,0,0.28811137149501,0,0,0,0,0,0,0,0,0,-0.305585014871371,0.357039864567938,0.354736439790182,0,0,0,0,0,0,0,-0.495851357401713,0,0,0,0,0,0,0,0,0,-0.370373387223857,-0.326605751698181,-0.277251363530133,0,0,0,0,0,0,0,-0.287016979180822,0,0,0,0,0,0,0,0,0,0.25485004901126,-0.281662223407168,0.24973198631818,0,0,0,0,0,0,0,0.42836074010321,0,0,0,0,0,0,0,0,0,0.371765669688488,-0.371315112231083,-0.215888857163742,0,0,0,0,0,0,0,0,0,0,0,0,0,0,0,0,0,-0.268149991815553,-0.275276199377767,0.247406071698576,0,0,0,0,0,0,0,0.02798246892087,0,0,0,0,0,0,0,0,0,-0.215696221149305,0.211585031864805,-0.295384845425721,0,0,0,0,0,0,0,0.118232066243956,0,0,0,0,0,0,0,0,0,-0.326886564227195,0.276864732783204,0.256380870385243,0,0,0,0,0,0,0,0.133334391991937,0,0,0,0,0,0,0,0,0,-0.273245488690934,0.310669869066965,-0.228223830810707,0,0,0,0,0,0,0,-0.260345903949514,0,0,0,0,0,0,0,0,0,-0.272335424287692,0.277190223587578,-0.304347318592631,0,0,0,0,0,0,0,-0.292737736145592,0,0,0,0,0,0,0,0,0,-0.372719219364325,-0.258675782920795,0.270870696785807,0,0,0,0,0,0,0,-0.479562354992141,0,0,0,0,0,0,0,-0.0299240106677611,0,-0.249344222065568,0.33480111263404,-0.24990621207287,0,0,0,0,0,0,0,0.376316504654881,0,0,0,0,0,0,0,-0.0359219517121898,0,-0.186867144716512,-0.249987449647529,-0.337515911949579,0,0,0,0,0,0,0,-0.302321516236191,0,0,0,0,0,0,0,0,0,0.274929339684323,0.244583138927081,0.226348333060818,0,0,0,0,0,0,0,-0.0735504157719071,0,0,0,0,0,0,0,0,0,0.264701620786919,-0.321459669103704,0.268138533517168,0,0,0,0,0,0,0,-0.161701576417168,0,0,0,0,0,0,0,0,0,0.235782458318166,0.280477903102362,-0.284626298961428,0,0,0,0,0,0,0,0.124323883969541,0,0,0,0,0,0,0,-0.031438733997297,0,-0.267954233209408,0.339223430369694,0.363590763060686,0,0,0,0,0,0,0,0.34607953231578,0,0,0,0,0,0,0,0,0,0.30736084880632,0.268540891309402,0.308073698448309,0,0,0,0,0,0,0,0.385151527626119,0,0,0,0,0,0,0,0,0,0.2395003884571,-0.29418913204206,0.1906761081473,0,0,0,0,0,0,0,-0.338508985997225,0,0,0,0,0,0,0,0,0,0.515744686032997,0.287727659509251,-0.320167101341972,0,0,0,0,0,0,0,0.489204301602765,0,0,0,0,0,0,0,0,0,0.324745414507082,0.276662146925401,0.22991681643251,0,0,0,0,0,0,0,0.203994607594242,0,0,0,0,0,0,0,0.0294708094048247,0,0.404196553123695,-0.300066091180107,-0.179249797085939,0,0,0,0,0,0,0,-0.123891956409112,0,0,0,0,0,0,0,0,0,0.255635331610166,0.375445388680164,0.14510416669207,0,0,0,0,0,0,0,0.178411958038693,0,0,0,0,0,0,0,-0.0266438836796882,0,-0.325686184164518,-0.313789018667163,0.312460474068658,0,0,0,0,0,0,0,-0.299928322534741,0,0,0,0,0,0,0,0,0,-0.342287260365307,-0.396880179835323,0.270024980515164,0,0,0,0,0,0,0,-0.313419979158739,0,0,0,0,0,0,0,-0.0227015305845759,0,-0.289476491121893,0.286163260364648,0.201452970005067,0,0,0,0,0,0,0,-0.0784552291585321,0,0,0,0,0,0,0,0,0,-0.249080541508396,-0.396961809219046,-0.33154546605809,0,0,0,0,0,0,0,0.209805176203216,0,0,0,0,0,0,0,0,0,0.244768422239195,-0.256469079441522,-0.252138358439665,0,0,0,0,0,0,0,0.158098148062357,0,0,0,0,0,0,0,0,0,0.305865689583191,0.320937479869773,0.209783088260646,0,0,0,0,0,0,0,-0.34020725708377,0,0,0,0,0,0,0,-0.0269381331207522,0,0.25909299626922,0.343337509068463,-0.218181388999441,0,0,0,0,0,0,0,0.106348838723511,0,0,0,0,0,0,0,0,0,-0.306390043445795,-0.317638875499549,-0.158539752512564,0,0,0,0,0,0,0,-0.492297592456731,0,0,0,0,0,0,0,0.0271226816348835,0,0.257673797176584,-0.388212729374316,-0.203777855513739,0,0,0,0,0,0,0,-0.260691815704209,0,0,0,0,0,0,0,-0.0375536756731757,0,-0.377406456752586,-0.289977336186122,0.306427473899874,0,0,0,0,0,0,0,-0.111899517693554,0,0,0,0,0,0,0,0,0,0.355968632469888,0.331894821036801,-0.40702495987752,0,0,0,0,0,0,0,-0.449294376766662,0,0,0,0,0,0,0,0,0,0.32759407970348,-0.298334324723228,0.298992820733436,0,0,0,0,0,0,0,0.201053030407245,0,0,0,0,0,0,0,0.0394595661039464,0,-0.354760983752468,0.43863948559086,-0.268107850042181,0,0,0,0,0,0,0,-0.554800921938713,0,0,0,0,0,0,0,0,0,0.29008970419162,0.370389379478102,-0.307292880608422,0,0,0,0,0,0,0,-0.212291208189026,0,0,0,0,0,0,0,0,0,0.28736967488291,-0.292313992834927,-0.252646913091149,0,0,0,0,0,0,0,-0.300142548466598,0,0,0,0,0,0,0,-0.0301930109530711,0,0.259791607806963,-0.328096281205427,0.188059606176703,0,0,0,0,0,0,0,0.0841134211809396,0,0,0,0,0,0,0,0.0294333898797069,0,0.251993471517068,0.449737177301148,-0.266502177633725,0,0,0,0,0,0,0,0.171497990209972,0,0,0,0,0,0,0,0,0,0.347913831395888,0.400401503606103,-0.244091158341836,0,0,0,0,0,0,0,0.402619474580345,0,0,0,0,0,0,0,0,0,0.384278308662403,0.28645228980277,-0.227440989807452,0,0,0,0,0,0,0,-0.184302091255036,0,0,0,0,0,0,0,0.105537671486987,0,0.26423858512009,0.313080157586298,-0.358704266754475,0,0,0,0,0,0,0,0.352644760544102,0,0,0,0,0,0,0,0,0,0.265657052816534,0.368311461039274,0.407420899344896,0,0,0,0,0,0,0,-0.158233923685883,0,0,0,0,0,0,0,0,0,0.149431685707385,0.258726292811738,0.22871010042487,0,0,0,0,0,0,0,-0.107782873279972,0,0,0,0,0,0,0,0,0,0.213747034565114,-0.203990453417098,0.224459739776356,0,0,0,0,0,0,0,-0.299730030589264,0,0,0,0,0,0,0,0,0,-0.242117746578147,0.260984854712886,-0.35591846734453,0,0,0,0,0,0,0,-0.270319584607306,0,0,0,0,0,0,0,0.0272753084696928,0,-0.204082593275581,0.2616142145126,0.326559247684006,0,0,0,0,0,0,0,0.0315967721999005,0,0,0,0,0,0,0,0,0,0.295878012371508,-0.378373277702761,0.241075259385676,0,0,0,0,0,0,0,0,0,0,0,0,0,0,0,0,0,-0.363820840789319,0.268770081393002,-0.089254838602409,0,0,0,0,0,0,0,-0.101841735695392,0,0,0,0,0
"16",0,0,-0.308211606465195,0,0,0,0,0,0,0,0,0,0,0,0,-0.0233776522170849,0,0,0,0,0,0,-0.335114559024411,0,0,0,0,0,0,0,0,0,0,0,0,0.482893024276017,0,0,0,0,0,0,0.27275690389251,0,0,0,0,0,0,0,0,0,0,0,0,-0.309050622076964,0,0,0,0,0,0,0.337808820674431,0,0,0,0,0,0,0,0,0,0,0,0,-0.408254841504133,0,0,0,0,0,0,0.28848178000693,0,0,0,0,0,0,0,0,0,0,0,0,0.194215000637441,0,0,0,0,0,0,-0.280457266538851,0,0,0,0,0,0,0,0,0,0,0,0,-0.142381439983578,0,0,0,0,0,0,-0.358369410574963,0,0,0,0,0,0,0,0,0,0,0,0,0.366936877315043,0,0,0,0,0,0,0.232661463953338,0,0,0,0,0,0,0,0,0,0,0,0,-0.0440898952567459,0,0,0,0,0,0,0.284750705347183,0,0,0,0,0,0,0,0,0,0,0,0,0.195018699461639,0,0,0,0,0,0,-0.215162482034392,0,0,0,0,0,0,0,0,0,0,0,0,-0.341261344910374,0,0,0,0,0,0,-0.248648288779734,0,0,0,0,0,0,0,0,0,0,0,0,0.0905591544843985,0,0,0,0,0,0,-0.386163547239093,0,0,0,0,0,0,0,0,0,0,0,0,0.369303482184679,0,0,0,0,0,0,0.300388706844256,0,0,0,0,0,0,0,0,0,0,0,0,0.505616491559068,0,0,0,0,0,0,-0.297495111966364,0,0,0,0,0,0,0,0,0,0,0,0,-0.379108668740471,0,0,0,0,0,0,0.345399320442802,0,0,0,0,0,0,0,0,0,0,0,0,-0.0580847396844142,0,0,0,0,0,0,0.199033437294864,0,0,0,0,0,0,0,0,0,0,0,0,0.226171774441619,0,0,0,0,0,0,0.240400104529411,0,0,0,0,0,0,0,0,0,0,0,0,0.468035451102944,0,0,0,0,0,0,0.270392742632219,0,0,0,0,0,0,0,0,0,0,0,0,0.38897100502737,0,0,0,0,0,0,0.187223536921416,0,0,0,0,0,0,0,0,0,0,0,0,0.124102743013636,0,0,0,0,0,0,-0.293002214300737,0,0,0,0,0,0,0,0,0,0,0,0,0.0730171428806785,0,0,0,0,0,0,-0.256690612367691,0,0,0,0,0,0,0,0,0,0,0,0,0.4764379805493,0,0,0,0,0,0,-0.318753551756834,0,0,0,0,0,0,0,0,0,0,0,0,0.273876746821142,0,0,0,0,0,0,-0.222381060969718,0,0,0,0,0,0,0,0,0,0,0,0,0,0,0,0,0,0,0,-0.299809470129641,0,0,0,0,0,0,0,0,0,0,0,0,-0.205470185974129,0,0,0,0,0,0,0.35255903796341,0,0,0,0,0,0,0,0,0,0,0,0,-0.370507035636765,0,0,0,0,0,0,-0.278501035610261,0,0,0,0,0,0,0,0,0,0,0,0,0.333282629936579,0,0,0,0,0,0,0.321381784327889,0,0,0,0,0,0,0,0,0,0,0,0,0.251347661690995,0,0,0,0,0,0,-0.346018178919189,0,0,0,0,0,0,0,0,0,0,0,0,0.200645300301748,0,0,0,0,0,0,0.288929621719847,0,0,0,0,0,0,0,0,0,0,0,0,-0.550488291555155,0,0,0,0,0,0,0.4203329970111,0,0,0,0,0,0,0,0,0,0,0,0,-0.0549395231524369,0,0,0,0,0,0,0.236766091787339,0,0,0,0,0,0,0,0,0,0,0,0,-0.370827030833874,0,0,0,0,0,0,0.407871569919997,0,0,0,0,0,0,0,0,0,0,0,0,-0.271261773592947,0,0,0,0,0,0,-0.142826743132935,0,0,0,0,0,0,0,0,0,0,0,0,-0.371740814341524,0,0,0,0,0,0,-0.267827127873371,0,0,0,0,0,0,0,0,0,0,0,0,0.280816430654601,0,0,0,0,0,0,0.358429204309059,0,0,0,0,0,0,0,0,0,0,0,0,-0.342840902106254,0,0,0,0,0,0,0.257272769141113,0,0,0,0,0,0,0,0,0,0,0,0,0.284267450029352,0,0,0,0,0,0,-0.311118396844465,0,0,0,0,0,0,0,0,0,0,0,0,0.434555879295856,0,0,0,0,0,0,0.362563911608591,0,0,0,0,0,0,0,0,0,0,0,0,-0.116040817711868,0,0,0,0,0,0,0.304923959617858,0,0,0,0,0,0,0,0,0,0,0,0,0.335289564059525,0,0,0,0,0,0,-0.332593549879299,0,0,0,0,0,0,0,0,0,0,0,0,0.254323030014957,0,0,0,0,0,0,-0.247578494530092,0,0,0,0,0,0,0,0,0,0,0,0,-0.413915418711672,0,0,0,0,0,0,-0.210170373557642,0,0,0,0,0,0,0,0,0,0,0,0,-0.429282060120303,0,0,0,0,0,0,-0.250399449135549,0,0,0,0,0,0,0,0,0,0,0,0,0.232063676190029,0,0,0,0,0,0,-0.314932302334524,0,0,0,0,0,0,0,0,0,0,0,0,0.184664177702479,0,0,0,0,0,0,-0.303175427055933,0,0,0,0,0,0,0,0,0,0,0,0,0,0,0,0,0,0,0,-0.315152714795204,0,0,0,0,0,0,0,0,0,0,0,0,0.18122144708877,0,0,0,0,0,0,0.243393024950617,0,0,0,0,0,0,0,0,0,0,0,0,0.258166242119982,0,0,0,0,0,0,0.212310358332651,0,0,0,0,0,0,0,0,0,0,0,0,0.586175573235944,0,0,0,0,0,0,0.328089655382988,0,0,0,0,0,0,0,0,0,0,0,0,-0.0919383030098849,0,0,0,0,0,0,-0.30825012132193,0,0,0,0,0,0,0,0,0,0,0,0,-0.326428381685172,0,0,0,0
"17",-0.377684633055472,0,0,0,0,0,0,0,0,0,0,0,0,0,0,0,-0.24632752887317,0.398070710513464,0,0,-0.311036993587363,0,0,0,0,0,0,0,0,0,0,0,0,0,0,0,0.183997753902985,0.310590302220442,0,0,0.244610282980957,0,0,0,0,0,0,0,0,0,0,0,0,0,0,0,0.0894942447614115,-0.404416253565943,0,0,0.305292229204349,0,0,0,0,0,0,0,0,0,0,0,0,0,0,0,-0.471345915231136,0.369874959996445,0,0,-0.313913739032668,0,0,0,0,0,0,0,0,0,0,0,0,0,0,0,0.495187833533503,0.225229731127549,0,0,-0.332474835824258,0,0,0,0,0,0,0,0,0,0,0,0,0,0,0,-0.341819264205693,-0.35395035436352,0,0,-0.316063121215077,0,0,0,0,0,0,0,0,0,0,0,0,0,0,0,-0.143370936228352,-0.307483197143353,0,0,-0.322824929045465,0,0,0,0,0,0,0,0,0,0,0,0,0,0,0,-0.340589273024617,0.266881695576356,0,0,0.338574103390238,0,0,0,0,0,0,0,0,0.0913986948976463,0,0,0,0,0,0,0.462922683575497,-0.400202778078857,0,0,-0.261820605680765,0,0,0,0,0,0,0,0,0,0,0,0,0,0,0,0.491525466732936,0.438343377940656,0,0,-0.363055610961957,0,0,0,0,0,0,0,0,0,0,0,0,0,0,0,0.538275523684163,-0.266937863161385,0,0,-0.358262932644218,0,0,0,0,0,0,0,0,0.0250973470401979,0,0,0,0,0,0,-0.434454886079258,-0.346453287141691,0,0,-0.316782945904176,0,0,0,0,0,0,0,0,0,0,0,0,0,0,0,0.297516093187609,0.307557473756647,0,0,0.302287351779586,0,0,0,0,0,0,0,0,0,0,0,0,0,0,0,-0.0339769895188506,0.341950023915167,0,0,0.399685992143766,0,0,0,0,0,0,0,0,0,0,0,0,0,0,0,0.0689689235100054,0.238983931555781,0,0,0.271881075300409,0,0,0,0,0,0,0,0,0,0,0,0,0,0,0,-0.0529029344223643,-0.309064432046854,0,0,0.378554425470001,0,0,0,0,0,0,0,0,0,0,0,0,0,0,0,-0.0555666704051429,-0.358424898301506,0,0,0.321341878364814,0,0,0,0,0,0,0,0,0.0214802960673937,0,0,0,0,0,0,-0.259541168563223,-0.340522908088945,0,0,-0.29446150275687,0,0,0,0,0,0,0,0,0,0,0,0,0,0,0,0.19678847953493,0.247123136034835,0,0,-0.303365192392605,0,0,0,0,0,0,0,0,-0.0264879656168644,0,0,0,0,0,0,0.322733851249573,-0.353255987207867,0,0,-0.217386833009285,0,0,0,0,0,0,0,0,0,0,0,0,0,0,0,-0.443078902272136,0.387201007296335,0,0,-0.304691932310515,0,0,0,0,0,0,0,0,0,0,0,0,0,0,0,-0.169240493557636,-0.254660926605234,0,0,-0.246288044352747,0,0,0,0,0,0,0,0,0.0415129996123847,0,0,0,0,0,0,-0.0987378581741716,0.312805141290716,0,0,-0.431184862434583,0,0,0,0,0,0,0,0,-0.0405546635815581,0,0,0,0,0,0,0.447489937757341,0.253594395898811,0,0,0.289103532447625,0,0,0,0,0,0,0,0,0,0,0,0,0,0,0,0.507219937367982,0.204121666106798,0,0,0.344099474704823,0,0,0,0,0,0,0,0,0,0,0,0,0,0,0,0.258153855374818,0.342409613129861,0,0,0.34685146293072,0,0,0,0,0,0,0,0,0.0239396356314531,0,0,0,0,0,0,0.0609008929165821,-0.261424505879562,0,0,-0.305682600184017,0,0,0,0,0,0,0,0,0,0,0,0,0,0,0,0.435400475665556,0.383659590060989,0,0,0.37698052061324,0,0,0,0,0,0,0,0,-0.0228007772474037,0,0,0,0,0,0,0.471817551657767,-0.282857215856629,0,0,0.33571156496267,0,0,0,0,0,0,0,0,0.0253710832467888,0,0,0,0,0,0,0.396153407484579,0.446476560337283,0,0,-0.320108489139295,0,0,0,0,0,0,0,0,-0.0310817971951646,0,0,0,0,0,0,-0.67568673774769,0.251162355449304,0,0,0.337775763894407,0,0,0,0,0,0,0,0,0.0257638545463121,0,0,0,0,0,0,-0.182258948312526,-0.345935554607561,0,0,0.440182417085934,0,0,0,0,0,0,0,0,0,0,0,0,0,0,0,-0.160725151004984,0.390455612431444,0,0,0.308170791785089,0,0,0,0,0,0,0,0,-0.0403862411445334,0,0,0,0,0,0,-0.0520239924205723,-0.327134442358185,0,0,0.314046173197776,0,0,0,0,0,0,0,0,-0.0264142530234801,0,0,0,0,0,0,0.52407115404052,0.251053073655211,0,0,0.285097537010701,0,0,0,0,0,0,0,0,-0.0257682167703928,0,0,0,0,0,0,-0.0422913174017538,0.357904994782913,0,0,-0.476043429707376,0,0,0,0,0,0,0,0,0,0,0,0,0,0,0,-0.451265773266585,-0.294397034327082,0,0,-0.358145784131862,0,0,0,0,0,0,0,0,0.0243973978293607,0,0,0,0,0,0,-0.365522386434113,0.371865740188744,0,0,-0.278284487759662,0,0,0,0,0,0,0,0,0,0,0,0,0,0,0,-0.233584227375882,-0.297189321937001,0,0,-0.343173354738181,0,0,0,0,0,0,0,0,0,0,0,0,0,0,0,0.366820559679644,0.314566817161695,0,0,-0.420563383457504,0,0,0,0,0,0,0,0,0,0,0,0,0,0,0,-0.289319305936392,-0.299795016882535,0,0,-0.370292941666488,0,0,0,0,0,0,0,0,0,0,0,0,0,0,0,-0.136146251782262,-0.317280578046403,0,0,0.335528451553199,0,0,0,0,0,0,0,0,0,0,0,0,0,0,0,-0.417539849726484,0.443963548020051,0,0,-0.304377486723429,0,0,0,0,0,0,0,0,0,0,0,0,0,0,0,0,-0.292280414284979,0,0,-0.307436630996141,0,0,0,0,0,0,0,0,0,0,0,0,0,0,0,-0.0867004509529078,-0.256713666896664,0,0,0.310935772592085,0,0,0,0,0,0,0,0,0.0206361512032353,0,0,0,0,0,0,-0.129571319711184,-0.296006181104997,0,0,-0.209651889254388,0,0,0,0,0,0,0,0,-0.0283622362096191,0,0,0,0,0,0,0.253789644991438,0.3743842825953,0,0,0.312639461705805,0,0,0,0,0,0,0,0,0.0228315454540261,0,0,0,0,0,0,-0.199449499321644,-0.367590926289173,0,0,-0.198285026929535,0,0,0,0,0,0,0,0,0,0,0,0,0,0,0,0.506653909147559,-0.269122976672277,0,0,0.362532676507133,0,0,0,0,0,0,0,0,0,0,0,0,0,0,0,-0.0549097108191221,-0.352882992650761,0,0
"18",0,0,0,0,0,0,0,-0.283796158043121,0,0,0,-0.315857270527426,-0.390106838787469,0,0,0.162373903275217,0,0.330520832890847,0,0,0,0,0,0,0,0,0,0.402791402978764,0,0,0,0.205895378136507,-0.266565166409821,0,0,0.337205128183486,0,0.440670527782089,0,0,0,0,0,0,0,0,0,0.246906104233017,0,0,0,-0.274851381800371,0.367597533725867,0,0,-0.303250037639356,0,-0.299842396898537,0,0,0,0,0,0,0,0,0,-0.3452456210313,0,0,0,-0.311102856749744,0.271367982700962,0,0,0.233445413979642,0,0,0,0,0,0,0,0,0,0,0,-0.182958245593927,0,0,0,-0.269180614907005,-0.266427950490951,0,0,0.33454450751237,0,-0.0562156166940714,0,0,0,0,0,0,0,0,0,0.289033958474597,0,0,0,0.315556380369564,0.436521493765121,0,0,0.429599650720132,0,0.13798681552395,0,0,0,0,0,0,0,0,0,0.213368863983793,0,0,0,0.235126461604364,-0.206517349756041,0,0,0.263239692159835,0,-0.180207884359059,0,0,0,0,0,0,0,0,0,-0.257570711905896,0,0,0,-0.379868041782258,0.228832169490835,0,0,0.287312139823497,0,0.254072838740701,0,0,0,0,0,0,0,0,0,0.204637333379046,0,0,0,0.307484481078186,0.214391055408802,0,0,0.334060478899588,0,0,0,0,0,0,0,0,0,0,0,-0.295287182121486,0,0,0,0.303919550002648,0.269644129360417,0,0,-0.308910639505889,0,-0.0461312166123423,0,0,0,0,0,0,0,0,0,0.394549335201821,0,0,0,-0.407451991324831,-0.308732763466098,0,0,-0.101715070714509,0,-0.192808066694056,0,0,0,0,0,0,0,0,0,-0.258035496545745,0,0,0,-0.332393530904122,-0.377771250817757,0,0,0.445901075748921,0,0.375061721423492,0,0,0,0,0,0,0,0,0,-0.265353046060894,0,0,0,0.388803467457847,0.423074138725245,0,0,0.254883195629149,0,-0.419338727953893,0,0,0,0,0.0347865230744498,0,0,0,0,-0.377932723672707,0,0,0,0.316511323485561,-0.297971170194738,0,0,0.280685820133735,0,0.399270362518564,0,0,0,0,0,0,0,0,0,0.189632178860969,0,0,0,-0.195923647135253,-0.263132333180845,0,0,-0.33617078347187,0,0.286101831538677,0,0,0,0,0.0235359463269536,0,0,0,0,0.222652515467855,0,0,0,-0.322953982901045,0.228714470616745,0,0,0.188451365082772,0,0.4346286513684,0,0,0,0,0,0,0,0,0,-0.270696629503193,0,0,0,0.307053478182793,-0.312975514652713,0,0,0.28695996990926,0,0,0,0,0,0,0,0,0,0,0,0.16456021276711,0,0,0,0.304456419265211,-0.336258389030749,0,0,0.254012365030234,0,0.282127228897202,0,0,0,0,0,0,0,0,0,-0.194787409845547,0,0,0,0.202469986834869,0.191620840706322,0,0,0.336792468485715,0,-0.2914633936841,0,0,0,0,0,0,0,0,0,0.0927750866722111,0,0,0,0.389323858298961,-0.296897590040503,0,0,-0.226185966510051,0,-0.232360781194996,0,0,0,0,0,0,0,0,0,0.273747916301108,0,0,0,0.231636766523909,-0.244802189413354,0,0,-0.270512179855402,0,-0.248568730944437,0,0,0,0,0,0,0,0,0,-0.373563845877951,0,0,0,-0.222289332919099,-0.30021837739555,0,0,-0.325833777860721,0,0.161989817077845,0,0,0,0,-0.0256469571671017,0,0,0,0,0.290842067730095,0,0,0,-0.37146381383997,0.304147311634791,0,0,0.359066272730441,0,0.186717651592486,0,0,0,0,0,0,0,0,0,0.368019825388062,0,0,0,-0.256819091124385,-0.272443376391977,0,0,0.244708152301764,0,0.290885893157081,0,0,0,0,-0.021521011827074,0,0,0,0,0.223680841014925,0,0,0,0.273509914109747,-0.263082192238327,0,0,0.28496006877851,0,0.177156599243063,0,0,0,0,0,0,0,0,0,0.266720463964395,0,0,0,-0.517875414596528,0.259613001208682,0,0,-0.239552974771898,0,0.0387386630761554,0,0,0,0,0,0,0,0,0,0.274689621430628,0,0,0,-0.246404656477378,0.28420336072741,0,0,0.324829380972028,0,0.0257652156894894,0,0,0,0,0,0,0,0,0,0.300400276575007,0,0,0,0.292245120773132,0.297268246717021,0,0,-0.321160065609021,0,0.0795613999616324,0,0,0,0,0.0762368430528427,0,0,0,0,0.23456495411413,0,0,0,-0.425586202736856,0.318582792891461,0,0,-0.308929615878064,0,-0.537557626358985,0,0,0,0,0,0,0,0,0,0.167405814222941,0,0,0,-0.188627524810832,-0.256405665082155,0,0,-0.334818839854091,0,0.425680571203128,0,0,0,0,0,0,0,0,0,-0.184482440040677,0,0,0,0.24668952556766,0.101777515276266,0,0,0.277839930198075,0,-0.225474871680813,0,0,0,0,0,0,0,0,0,0.265335650855231,0,0,0,0.383238043700315,0.222220895545462,0,0,0.350572393193448,0,0.408368821688519,0,0,0,0,0,0,0,0,0,0.257123838956814,0,0,0,-0.28698178789454,-0.124023006975584,0,0,0.210151686050011,0,-0.145457375914046,0,0,0,0,0,0,0,0,0,-0.200882426874844,0,0,0,0.320810382536152,0.15429362898001,0,0,0.280744450569034,0,0.319857579314265,0,0,0,0,0,0,-0.0503325915841049,0,0,0.286585735191134,0,0,0,0.411052713816001,-0.294232294714496,0,0,0.491228967390257,0,-0.471212128091915,0,0,0,0,0,0,0,0,0,-0.352456000868868,0,0,0,0.367069051931761,0.25044569384886,0,0,0.326147424742715,0,-0.0522274823166321,0,0,0,0,0,0,0,0,0,-0.352846318094698,0,0,0,0.31597647787098,0.326095460366844,0,0,-0.321127843308293,0,-0.243199216874047,0,0,0,0,0.0742207288227785,0,0,0,0,-0.262258373665856,0,0,0,-0.36182370620723,-0.253473041451251,0,0,-0.436937032883246,0,-0.549054564089001,0,0,0,0,0,0,0,0,0,0.234473196372546,0,0,0,0.361935958849918,0.326645777626352,0,0,-0.252330590650905,0,0.0288537230606722,0,0,0,0,0,0,0,0,0,0.278480238277274,0,0,0,-0.164299270376381,0.387571021167025,0,0,-0.377290670924987,0,-0.270865350924282,0,0,0,0,0,0,0,0,0,0.340836714945281,0,0,0,-0.375453841714268,0.0858408747364611,0,0,0.233104606908733,0,-0.443881423713102,0,0,0,0,0,0,0,0,0,0.254691170646192,0,0,0,-0.407762585000199,0.240559989822046,0,0,0.373975729899052,0,0.272176007214059,0,0,0,0,0,0,0,0,0,-0.234358469644519,0,0,0,-0.29437073552965,0.229652173248294,0,0,0.327604234543627,0,0.075730815217957,0,0,0,0,-0.0273195119128997,0,0,0,0,0.259282125653179,0,0,0,-0.411977335521471,-0.333381071483002,0,0,0.290131590919399,0,0,0,0,0,0,0.0251364414188541,0,0,0,0,0.270844294358388,0,0,0,-0.27196647695666,0.328200489454844,0,0,-0.233353813651509,0,-0.0866271001847587,0,0,0,0,0,0,0,0,0,-0.271155604084203,0,0,0,0.325065197600957,-0.279997413491945,0,0,0.198853650714326,0,0,0,0,0,0,0,0,0,0,0,0.280094408591665,0,0,0,-0.236679931120423,-0.370485380666384,0,0,0.281608049613924,0,0.0324743051922769,0,0,0,0,0,0,0,0,0,0.149742437007807,0,0,0,0.182415759143113,0.40146517620013,0,0,-0.257513257360311,0,0.106569848280742,0,0,0,0,-0.0210673470318374,0,0,0,0,0.305825968991018,0,0,0,-0.378869276301598,0.371021298789549,0,0,0.32828854464743,0,-0.317634674724757,0,0,0,0,-0.024194714821261,0,0,0,0,0.172823848917994,0,0,0,0.338539444666328,-0.278997668638302,0,0,-0.290370608360419,0,0.0775729090826187,0,0
"19",0,0,0,0,0,0,0,0,0,0,0,0,0.344137120705367,0,0,0,0,0,-0.0610989979450115,0,0,0,0,0,0,0,0,0,0,0,0,0,0.238299418157478,0,0,0,0,0,0.354053081025536,0,0,0,0,0,0,0,0,0,0,0,0,0,-0.246113783417497,0,0,0,0,0,-0.211268359461682,0,0,0,0,0,0,0,0,0,0,0,0,0,0.253106395951239,0,0,0,0,0,-0.572894721374106,0,0,0,0,0,0,0,0,0,0,0,0,0,-0.275965802500352,0,0,0,0,0,-0.0285825358171879,0,0,0,0,0,0,0,0,0,0,0,0,0,-0.245426823718105,0,0,0,0,0,-0.0866704478092738,0,0,0,0,0,0,0,0,0,0,0,0,0,-0.167284793727112,0,0,0,0,0,0.273123787351013,0,0,0,0,0,0,0,0,0,0,0,0,0,0.318225382065878,0,0,0,0,0,0.115169496504079,0,0,0,0,0,0,0,0,0,0,0,0,0,0.341440636717454,0,0,0,0,0,0.0325061791387737,0,0,0,0,0,0,0,0,0,0,0,0,0,-0.293076214396024,0,0,0,0,0,0.359497169223058,0,0,0,0,0,0,0,0,0,0,0,0,0,-0.268069512101182,0,0,0,0,0,0.0755868565223922,0,0,0,0,0,0,0,0,0,0,0,0,0,-0.33888025374809,0,0,0,0,0,0.340918785524438,0,0,0,0,0,0,0,0,0,0,0,0,0,0.360955619021461,0,0,0,0,0,0.0583406132202271,0,0,0,0,0,0,0,0,0,0,0,0,0,0.502880409921894,0,0,0,0,0,0.388991627662086,0,0,0,0,0,0,0,0,0,0,0,0,0,0.262643718880417,0,0,0,0,0,-0.4309940833435,0,0,0,0,0,0,0,0,0,0,0,0,0,-0.274116831433532,0,0,0,0,0,0.464368814704376,0,0,0,0,0,0,0,0,0,0,0,0,0,-0.358973456902043,0,0,0,0,0,-0.500201435045976,0,0,0,0,0,0,0,0,0,0,0,0,0,-0.182423517695728,0,0,0,0,0,0.180904089243801,0,0,0,0,0,0,0,0,0,0,0,0,0,-0.305300908463037,0,0,0,0,0,0.149991414657551,0,0,0,0,0,0,0,0,0,0,0,0,0,0.303572787990294,0,0,0,0,0,-0.367989081527483,0,0,0,0,0,0,0,0,0,0,0,0,0,-0.240605066872234,0,0,0,0,0,-0.451831840993561,0,0,0,0,0,0,0,0,0,0,0,0,0,0.273233534543019,0,0,0,0,0,0.0220118402496267,0,0,0,0,0,0,0,0,0,0,0,0,0,-0.378040142634541,0,0,0,0,0,-0.520666262957101,0,0,0,0,0,0,0,0,0,0,0,0,0,0.338584839887138,0,0,0,0,0,-0.302710323534949,0,0,0,0,0,0,0,0,0,0,0,0,0,-0.196483539779067,0,0,0,0,0,-0.397149879068943,0,0,0,0,0,0,0,0,0,0,0,0,0,0.286254349734048,0,0,0,0,0,-0.278099280478092,0,0,0,0,0,0,0,0,0,0,0,0,0,0.21719214201994,0,0,0,0,0,-0.296976675569955,0,0,0,0,0,0,0,0,0,0,0,0,0,-0.33645136980698,0,0,0,0,0,-0.186075756686288,0,0,0,0,0,0,0,0,0,0,0,0,0,-0.266840515637571,0,0,0,0,0,0.298065256967006,0,0,0,0,0,0,0,0,0,0,0,0,0,0.224677301017922,0,0,0,0,0,0.461813700635379,0,0,0,0,0,0,0,0,0,0,0,0,0,0.296518085137854,0,0,0,0,0,-0.110334627465011,0,0,0,0,0,0,0,0,0,0,0,0,0,-0.27216623848662,0,0,0,0,0,-0.287591769887317,0,0,0,0,0,0,0,0,0,0,0,0,0,-0.289117751381931,0,0,0,0,0,-0.436623655705564,0,0,0,0,0,0,0,0,0,0,0,0,0,0.236326295924285,0,0,0,0,0,-0.282556584974136,0,0,0,0,0,0,0,0,0,0,0,0,0,-0.215364144550679,0,0,0,0,0,0.0606197540094044,0,0,0,0,0,0,0,0,0,0,0,0,0,-0.339356066368442,0,0,0,0,0,-0.24148210219574,0,0,0,0,0,0,0,0,0,0,0,0,0,-0.310001057374148,0,0,0,0,0,-0.0734468309534932,0,0,0,0,0,0,0,0,0,0,0,0,0,0.241917415921351,0,0,0,0,0,-0.330870802001358,0,0,0,0,0,0,0,0,0,0,0,0,0,-0.370960208460576,0,0,0,0,0,0.181573197800698,0,0,0,0,0,0,0,0,0,0,0,0,0,-0.340197719220666,0,0,0,0,0,-0.216089774925045,0,0,0,0,0,0,0,0,0,0,0,0,0,-0.317741027362454,0,0,0,0,0,-0.0397881986749364,0,0,0,0,0,0,0,0,0,0,0,0,0,-0.228570128295511,0,0,0,0,0,-0.265047149180495,0,0,0,0,0,0,0,0,0,0,0,0,0,0.252241189481442,0,0,0,0,0,-0.324134029279581,0,0,0,0,0,0,0,0,0,0,0,0,0,0.351209503498752,0,0,0,0,0,-0.350652772792137,0,0,0,0,0,0,0,0,0,0,0,0,0,0.330936912173089,0,0,0,0,0,0.478916367069433,0,0,0,0,0,0,0,0,0,0,0,0,0,0.289331678670292,0,0,0,0,0,0,0,0,0,0,0,0,0,0,0,0,0,0,0,-0.409130499039813,0,0,0,0,0,-0.486337253718529,0,0,0,0,0,0,0,0,0,0,0,0,0,0.297837566779811,0,0,0,0,0,-0.260324024819171,0,0,0,0,0,0,0,0,0,0,0,0,0,-0.213151726681307,0,0,0,0,0,0.182428526630909,0,0,0,0,0,0,0,0,0,0,0,0,0,-0.388767966616271,0,0,0,0,0,0.046035002322753,0
"20",0,0,0,0,0,0,0,0,0,0,0,0,0,-0.373564421610714,0,0,0,0,0,-0.277570575590203,0,0,0,0,0,0,0,0,0,0,0,0,0,-0.349145217878248,0,0,0,0,0,-0.525272904534675,0,0,0,0,0,0,0,0,0,0,0,0,0,0.280351146553492,0,0,0,0,0,-0.411058219353634,0,0,0,0,0,0,0,0,0,0,0,0,0,-0.283430017525604,0,0,0,0,0,-0.233099945904754,0,0,0,0,0,0,0,0,0,0,0,0,0,0.199421002183149,0,0,0,0,0,0.337255904405723,0,0,0,0,0,0,0,0,0,0,0,0,0,-0.334166802261253,0,0,0,0,0,0.5781885201215,0,0,0,0,0,0,0,0,0,0,0,0,0,0.338725817006533,0,0,0,0,0,0.47535649197854,0,0,0,0,0,0,0,0,0,0,0,0,0,-0.241460579915204,0,0,0,0,0,-0.25179223291346,0,0,0,0,0,0,0,0,0,0,0,0,0,0.187035258200626,0,0,0,0,0,0.0804474163297725,0,0,0,0,0,0,0,0,0,0,0,0,0,0.285325097426365,0,0,0,0,0,0.246308636397885,0,0,0,0,0,0,0,0,0,0,0,0,0,-0.276754866546817,0,0,0,0,0,0.323969103695507,0,0,0,0,0,0,0,0,0,0,0,0,0,0.324482372479391,0,0,0,0.0436952760743708,0,-0.42456706611657,0,0,0,0,0,0,0,0,0,0,0,0,0,0.387192423810285,0,0,0,0,0,0.420358377033033,0,0,0,0,0,0,0,0,0,0,0,0,0,0.228432731207969,0,0,0,0,0,0.434158752080414,0,0,0,0,0,0,0,0,0,0,0,0,0,-0.412417842476237,0,0,0,0,0,0.145734305247029,0,0,0,0,0,0,0,0,0,0,0,0,0,-0.319135622190347,0,0,0,-0.0218896942567722,0,0.180909164233923,0,0,0,0,0,0,0,0,0,0,0,0,0,0.306574507086932,0,0,0,0,0,0.268786289559598,0,0,0,0,0,0,0,0,0,0,0,0,0,0.24067951310765,0,0,0,0,0,-0.221248290092958,0,0,0,0,0,0,0,0,0,0,0,0,0,-0.318781836809018,0,0,0,0,0,0.372645923200254,0,0,0,0,0,0,0,0,0,0,0,0,0,-0.330591413348144,0,0,0,0,0,0.306757323174096,0,0,0,0,0,0,0,0,0,0,0,0,0,-0.299124837807407,0,0,0,0,0,-0.0254805697601593,0,0,0,0,0,0,0,0,0,0,0,0,0,0.46660078432722,0,0,0,0,0,0.50787542834957,0,0,0,0,0,0,0,0,0,0,0,0,0,0.288312240322773,0,0,0,0,0,0.317830225926888,0,0,0,0,0,0,0,0,0,0,0,0,0,-0.307559195168062,0,0,0,0,0,-0.43899629922321,0,0,0,0,0,0,0,0,0,0,0,0,0,0.367457243570317,0,0,0,0,0,-0.470682780463568,0,0,0,0,0,0,0,0,0,0,0,0,0,0.394460470748857,0,0,0,0,0,-0.317141352606411,0,0,0,0,0,0,0,0,0,0,0,0,0,-0.32529016682262,0,0,0,0,0,-0.115536226204474,0,0,0,0,0,0,0,0,0,0,0,0,0,-0.287069260031095,0,0,0,0,0,-0.524202956063659,0,0,0,0,0,0,0,0,0,0,0,0,0,-0.260151661465696,0,0,0,0,0,-0.0998447932415152,0,0,0,0,0,0,0,0,0,0,0,0,0,-0.481218354056133,0,0,0,0,0,-0.463206995658746,0,0,0,0,0,0,0,0,0,0,0,0,0,0.272864125366949,0,0,0,0,0,-0.223297055159723,0,0,0,0,0,0,0,0,0,0,0,0,0,-0.340585269312124,0,0,0,0,0,0.205228626824159,0,0,0,0,0,0,0,0,0,0,0,0,0,0.330135822404216,0,0,0,0,0,-0.38427252926865,0,0,0,0,0,0,0,0,0,0,0,0,0,-0.324153468972941,0,0,0,0,0,-0.388789154529233,0,0,0,0,0,0,0,0,0,0,0,0,0,0.266175100011602,0,0,0,0,0,0.487754313589347,0,0,0,0,0,0,0,0,0,0,0,0,0,-0.260506541802702,0,0,0,0,0,-0.117263606204486,0,0,0,0,0,0,0,0,0,0,0,0,0,0.264993870011521,0,0,0,0,0,-0.105183214987024,0,0,0,0,0,0,0,0,0,0,0,0,0,-0.325161385387834,0,0,0,0,0,-0.0882627220508419,0,0,0,0,0,0,0,0,0,0,0,0,0,0.287664291732792,0,0,0,0,0,-0.556177574559896,0,0,0,0,0,0,0,0,0,0,0,0,0,-0.385693008904385,0,0,0,0,0,0,0,0,0,0,0,0,0,0,0,0,0,0,0,-0.296169114551076,0,0,0,0,0,0.427099544178396,0,0,0,0,0,0,0,0,0,0,0,0,0,0.260581123308119,0,0,0,0,0,0.065909878660513,0,0,0,0,0,0,0,0,0,0,0,0,0,0.227860909573021,0,0,0,0,0,-0.042195348309102,0,0,0,0,0,0,0,0,0,0,0,0,0,-0.267539788459865,0,0,0,0,0,0.454285297810138,0,0,0,0,0,0,0,0,0,0,0,0,0,0.321475872682838,0,0,0,0,0,-0.347481061220326,0,0,0,0,0,0,0,0,0,0,0,0,0,-0.334101771249869,0,0,0,0,0,-0.218663903590625,0,0,0,0,0,0,0,0,0,0,0,0,0,0.33263031311489,0,0,0,0,0,-0.231466507528921,0,0,0,0,0,0,0,0,0,0,0,0,0,-0.369879872750294,0,0,0,0.0220696719227709,0,0.307536969933124,0,0,0,0,0,0,0,0,0,0,0,0,0,-0.27375570442372,0,0,0,0,0,-0.282259616061294,0,0,0,0,0,0,0,0,0,0,0,0,0,-0.354475005919915,0,0,0,0,0,-0.162069422284108
